State,City,Name,Language,Time(IST),Type,Price,Capacity,Booked
Gujarat,Ahmedabad,2NewfangledMiniplexMoteraAhmedabad,Hindi,08:30,CoupleSeat,300₹,38,7
Gujarat,Ahmedabad,1NewfangledMiniplexMondealRetailPark,Hindi,08:30,VipClub,350₹,12,6
Gujarat,Ahmedabad,1NewfangledMiniplexMondealRetailPark,Hindi,08:30,Premium,300₹,11,0
Gujarat,Ahmedabad,CityGoldAshramRoad,Hindi,09:00,Executive,150₹,286,52
Gujarat,Ahmedabad,CityGoldSatelliteAhmedabad,Hindi,09:00,Executive,150₹,124,29
Orissa,Bhubaneswar,CinepolisNexusEsplanadeBhubaneswar,Hindi,09:10,Normal,130₹,26,0
Orissa,Bhubaneswar,CinepolisNexusEsplanadeBhubaneswar,Hindi,09:10,Executive,140₹,71,2
Orissa,Bhubaneswar,CinepolisNexusEsplanadeBhubaneswar,Hindi,09:10,Premium,150₹,48,5
Orissa,Bhubaneswar,CinepolisNexusEsplanadeBhubaneswar,Hindi,09:10,Vip,400₹,10,0
Bihar,Patna,CinepolisPMMallPatna,Hindi,09:10,Normal,200₹,325,19
Gujarat,Ahmedabad,SbMultiplexAgoraMallEliteClass,Hindi,09:15,Elite,180₹,96,2
Gujarat,Ahmedabad,SbMultiplexAgoraMallEliteClass,Hindi,09:15,Classic,80₹,28,0
Gujarat,Anand,InfinityCinemasAnand,Hindi,09:15,Recliner,250₹,19,0
Gujarat,Anand,InfinityCinemasAnand,Hindi,09:15,Platinum,150₹,50,0
Gujarat,Anand,InfinityCinemasAnand,Hindi,09:15,Gold,110₹,60,0
Jharkhand,Jamshedpur,PjpCinepolisJamshedpur,Hindi,09:30,Normal,180₹,26,0
Jharkhand,Jamshedpur,PjpCinepolisJamshedpur,Hindi,09:30,Executive,200₹,26,0
Jharkhand,Jamshedpur,PjpCinepolisJamshedpur,Hindi,09:30,Premium,220₹,68,2
Gujarat,Surat,CinepolisImperialSquareMallSurat,Hindi,09:30,Normal,110₹,29,0
Gujarat,Surat,CinepolisImperialSquareMallSurat,Hindi,09:30,Executive,110₹,200,0
Gujarat,Surat,CinepolisImperialSquareMallSurat,Hindi,09:30,Premium,110₹,40,2
Maharashtra,Pune,PvrGrandHighstreetPune,Hindi,09:30,Classic,130₹,24,2
Maharashtra,Pune,PvrGrandHighstreetPune,Hindi,09:30,Prime,150₹,48,0
Maharashtra,Pune,PvrGrandHighstreetPune,Hindi,09:30,PrimePlus,190₹,80,0
Maharashtra,Pune,PvrGrandHighstreetPune,Hindi,09:30,Recliner,300₹,8,6
Gujarat,Anand,DiyaCinemaAnand,Hindi,09:30,Sofa,200₹,16,0
Gujarat,Anand,DiyaCinemaAnand,Hindi,09:30,Platinum,100₹,83,0
UttarPradesh,NationalCapitalRegionNcr,CinepolisPacificNsp2Delhi,Hindi,09:30,Normal,260₹,77,0
UttarPradesh,NationalCapitalRegionNcr,CinepolisPacificNsp2Delhi,Hindi,09:30,Executive,280₹,96,4
UttarPradesh,NationalCapitalRegionNcr,CinepolisPacificNsp2Delhi,Hindi,09:30,Vip,420₹,11,3
Gujarat,Ahmedabad,AbMiniplexShivranjiniCrossRoadSatellite,Hindi,09:30,UpperBed,110₹,10,0
Gujarat,Ahmedabad,AbMiniplexShivranjiniCrossRoadSatellite,Hindi,09:30,LowerBed,110₹,28,0
MadhyaPradesh,Bhopal,CinepolisDbMallBhopal,Hindi,09:40,Normal,160₹,60,0
MadhyaPradesh,Bhopal,CinepolisDbMallBhopal,Hindi,09:40,Executive,160₹,106,6
Maharashtra,Mumbai,CinepolisNexusSeawoodsNaviMumbai,Hindi,09:45,Normal,160₹,32,0
Maharashtra,Mumbai,CinepolisNexusSeawoodsNaviMumbai,Hindi,09:45,Executive,180₹,91,0
Maharashtra,Mumbai,CinepolisNexusSeawoodsNaviMumbai,Hindi,09:45,Premium,200₹,80,8
Maharashtra,Mumbai,CinepolisNexusSeawoodsNaviMumbai,Hindi,09:45,Vip,300₹,14,8
Rajasthan,Jaipur,FunStarTimeSquareCinemaJaipur,Hindi,09:45,Platinum,80₹,70,42
Rajasthan,Jaipur,FunStarTimeSquareCinemaJaipur,Hindi,09:45,Gold,80₹,90,36
Rajasthan,Jaipur,FunStarTimeSquareCinemaJaipur,Hindi,09:45,Silver,80₹,30,0
Maharashtra,Mumbai,CinepolisMagnetMallBhandupW,Hindi,09:45,Normal,130₹,36,0
Maharashtra,Mumbai,CinepolisMagnetMallBhandupW,Hindi,09:45,Executive,130₹,126,6
Maharashtra,Mumbai,CinepolisMagnetMallBhandupW,Hindi,09:45,Vip,200₹,26,6
UttarPradesh,NationalCapitalRegionNcr,CinepolisSmartBharatMallFormerlySpiceMall,Hindi,09:45,Premium,150₹,123,12
UttarPradesh,NationalCapitalRegionNcr,CinepolisSmartBharatMallFormerlySpiceMall,Hindi,09:45,Classic,150₹,75,3
Maharashtra,Mumbai,PvrLodhaXperiaPalava,Hindi,09:45,Classic,100₹,36,0
Maharashtra,Mumbai,PvrLodhaXperiaPalava,Hindi,09:45,Prime,110₹,126,3
Maharashtra,Mumbai,PvrLodhaXperiaPalava,Hindi,09:45,Recliner,190₹,12,3
Gujarat,Ahmedabad,WideAngleAhmedabad,Hindi,09:45,Club,350₹,51,0
UttarPradesh,Lucknow,CinepolisOneAwadhCentreLucknow,Hindi,09:45,Normal,150₹,29,0
UttarPradesh,Lucknow,CinepolisOneAwadhCentreLucknow,Hindi,09:45,Executive,150₹,78,5
UttarPradesh,Lucknow,CinepolisOneAwadhCentreLucknow,Hindi,09:45,Premium,150₹,54,8
UttarPradesh,Lucknow,CinepolisOneAwadhCentreLucknow,Hindi,09:45,Vip,450₹,19,2
Maharashtra,Nashik,CinemaxRegimentalPlazaNashik,Hindi,10:00,Classic,90₹,75,0
Maharashtra,Nashik,CinemaxRegimentalPlazaNashik,Hindi,10:00,Prime,90₹,190,2
Maharashtra,Nashik,CinemaxRegimentalPlazaNashik,Hindi,10:00,PrimePlus,140₹,50,0
Jharkhand,Ranchi,EylexCinemasHinoo,Hindi,10:00,Box,100₹,11,11
Jharkhand,Ranchi,EylexCinemasHinoo,Hindi,10:00,Club,100₹,22,0
Jharkhand,Ranchi,EylexCinemasHinoo,Hindi,10:00,Gold,100₹,48,0
Jharkhand,Ranchi,EylexCinemasHinoo,Hindi,10:00,Platinum,100₹,87,0
Maharashtra,Nagpur,CinepolisVrMallNagpur,Hindi,10:00,Normal,110₹,24,0
Maharashtra,Nagpur,CinepolisVrMallNagpur,Hindi,10:00,Executive,110₹,68,0
Maharashtra,Nagpur,CinepolisVrMallNagpur,Hindi,10:00,Premium,110₹,56,13
Maharashtra,Nagpur,CinepolisVrMallNagpur,Hindi,10:00,Vip,200₹,13,6
Rajasthan,Bhiwadi,LegendSrsCinemasBhiwadi,Hindi,10:00,Platinum,150₹,124,0
Rajasthan,Bhiwadi,LegendSrsCinemasBhiwadi,Hindi,10:00,Gold,130₹,30,0
Gujarat,Ahmedabad,CityGoldBopal,Hindi,10:00,Executive,130₹,115,24
UttarPradesh,NationalCapitalRegionNcr,UsCinemasErosMallIndirapuram,Hindi,10:00,Luxury,110₹,60,0
UttarPradesh,NationalCapitalRegionNcr,UsCinemasErosMallIndirapuram,Hindi,10:00,LuxPlus,140₹,195,21
Chhattisgarh,Raipur,InoxAmbujaCityCentreRaipur,Hindi,10:00,RoyalRecliner,130₹,19,6
Chhattisgarh,Raipur,InoxAmbujaCityCentreRaipur,Hindi,10:00,Club,90₹,150,0
Chhattisgarh,Raipur,InoxAmbujaCityCentreRaipur,Hindi,10:00,Executive,90₹,32,0
Chhattisgarh,Raipur,InoxAmbujaCityCentreRaipur,Hindi,10:00,Royal,90₹,38,6
MadhyaPradesh,Jabalpur,SamdareeyaEraCinemaJabalpur,Hindi,10:00,Platinum,99₹,44,4
MadhyaPradesh,Jabalpur,SamdareeyaEraCinemaJabalpur,Hindi,10:00,Gold,99₹,108,2
MadhyaPradesh,Jabalpur,SamdareeyaEraCinemaJabalpur,Hindi,10:00,Silver,99₹,40,0
UttarPradesh,Bulandshahr,SuncityCinemaBulandshahr,Hindi,10:00,Platinum,250₹,31,1
UttarPradesh,Bulandshahr,SuncityCinemaBulandshahr,Hindi,10:00,Gold,180₹,231,1
Maharashtra,Pune,CinepolisSeasonsMallPune,Hindi,10:00,Normal,110₹,23,0
Maharashtra,Pune,CinepolisSeasonsMallPune,Hindi,10:00,Executive,110₹,68,4
Maharashtra,Pune,CinepolisSeasonsMallPune,Hindi,10:00,Premium,110₹,40,11
UttarPradesh,Gorakhpur,AdCinemasGorakhpur,Hindi,10:00,Gold,112₹,20,0
UttarPradesh,Gorakhpur,AdCinemasGorakhpur,Hindi,10:00,Diamond,112₹,23,2
UttarPradesh,Gorakhpur,AdCinemasGorakhpur,Hindi,10:00,Platinum,112₹,64,14
MadhyaPradesh,Indore,InoxPhoenixCitadelMallIndore,Hindi,10:00,Royal,180₹,49,9
MadhyaPradesh,Indore,InoxPhoenixCitadelMallIndore,Hindi,10:00,Club,160₹,123,4
MadhyaPradesh,Indore,InoxPhoenixCitadelMallIndore,Hindi,10:00,Executive,140₹,22,0
Maharashtra,Mumbai,PvrIconInfinitiAndheriW,Hindi,10:00,Classic,140₹,45,0
Maharashtra,Mumbai,PvrIconInfinitiAndheriW,Hindi,10:00,Prime,180₹,179,4
Maharashtra,Mumbai,PvrIconInfinitiAndheriW,Hindi,10:00,Recliner,400₹,12,0
MadhyaPradesh,Indore,PvrTreasureIslandMallIndore,Hindi,10:00,Classic,140₹,38,0
MadhyaPradesh,Indore,PvrTreasureIslandMallIndore,Hindi,10:00,Prime,140₹,110,60
Maharashtra,Mumbai,PvrHaseenBhiwandi,Hindi,10:00,Classic,90₹,15,0
Maharashtra,Mumbai,PvrHaseenBhiwandi,Hindi,10:00,Prime,130₹,63,0
UttarPradesh,NationalCapitalRegionNcr,WaveTheWaveMallKaushambi,Hindi,10:00,Classic,160₹,224,6
Maharashtra,Pune,PvrPhoenixMarketCityPune,Hindi,10:00,Classic,150₹,76,0
Maharashtra,Pune,PvrPhoenixMarketCityPune,Hindi,10:00,Prime,150₹,123,28
Maharashtra,Pune,PvrPhoenixMarketCityPune,Hindi,10:00,PrimePlus,250₹,13,2
Maharashtra,Pune,PvrPhoenixMarketCityPune,Hindi,10:00,Recliner,350₹,14,4
Maharashtra,Ahmednagar,ConnplexSmartTheatreAhmednagar,Hindi,10:00,Recliner,200₹,48,16
UttarPradesh,NationalCapitalRegionNcr,SatyamVsCinemaPilkhuwa,Hindi,10:00,Gold,80₹,66,0
UttarPradesh,NationalCapitalRegionNcr,SatyamVsCinemaPilkhuwa,Hindi,10:00,Platinum,80₹,145,0
Gujarat,Ahmedabad,RajhansCinemasNikol,Hindi,10:00,Executive,150₹,123,31
Gujarat,Ahmedabad,RajhansCinemasNikol,Hindi,10:00,Royal,130₹,73,0
Gujarat,Ahmedabad,RajhansCinemasNikol,Hindi,10:00,Marvel,110₹,26,0
Rajasthan,Jaipur,InoxSunnyTradeCenterJaipur,Hindi,10:00,RoyaleRecliners,230₹,11,0
Rajasthan,Jaipur,InoxSunnyTradeCenterJaipur,Hindi,10:00,Royal,140₹,57,13
Rajasthan,Jaipur,InoxSunnyTradeCenterJaipur,Hindi,10:00,Club,112₹,101,0
Rajasthan,Jaipur,InoxSunnyTradeCenterJaipur,Hindi,10:00,Executive,112₹,30,0
UttarPradesh,Kanpur,InoxZSquareBadaChauraha,Hindi,10:00,RoyalRecliner,300₹,15,0
UttarPradesh,Kanpur,InoxZSquareBadaChauraha,Hindi,10:00,Royal,180₹,76,14
UttarPradesh,Kanpur,InoxZSquareBadaChauraha,Hindi,10:00,Club,160₹,139,0
UttarPradesh,Kanpur,InoxZSquareBadaChauraha,Hindi,10:00,Executive,140₹,30,4
UttarPradesh,PrayagrajAllahabad,PvrVinayakPrayagraj,Hindi,10:00,Classic,150₹,120,4
UttarPradesh,PrayagrajAllahabad,PvrVinayakPrayagraj,Hindi,10:00,Prime,170₹,90,8
UttarPradesh,PrayagrajAllahabad,PvrVinayakPrayagraj,Hindi,10:00,Recliner,290₹,11,9
Orissa,Sambalpur,EylexCinemasCityCenterMall,Hindi,10:00,Gold,100₹,41,0
Orissa,Sambalpur,EylexCinemasCityCenterMall,Hindi,10:00,Platinum,100₹,135,6
Orissa,Sambalpur,EylexCinemasCityCenterMall,Hindi,10:00,Silver,100₹,28,0
UttarPradesh,NationalCapitalRegionNcr,PvrLogixNoida,Hindi,10:00,Classic,280₹,99,6
Gujarat,Ahmedabad,RajhansCinemasVastral,Hindi,10:00,Recliner,250₹,17,0
Gujarat,Ahmedabad,RajhansCinemasVastral,Hindi,10:00,Executive,130₹,103,8
Gujarat,Ahmedabad,RajhansCinemasVastral,Hindi,10:00,Royal,110₹,28,0
Gujarat,Ahmedabad,RajhansCinemasVastral,Hindi,10:00,Marvel,100₹,24,0
Gujarat,Surat,CineverseMultiplexVesu,Hindi,10:00,Sofa,150₹,55,0
Gujarat,Surat,CineverseMultiplexVesu,Hindi,10:00,Lounger,150₹,8,0
UttarPradesh,NationalCapitalRegionNcr,LegendSrsCinemasFaridabad,Hindi,10:00,SilverClass,100₹,36,0
UttarPradesh,NationalCapitalRegionNcr,LegendSrsCinemasFaridabad,Hindi,10:00,GoldClass,120₹,54,0
UttarPradesh,NationalCapitalRegionNcr,LegendSrsCinemasFaridabad,Hindi,10:00,OnlineClass,120₹,36,0
UttarPradesh,NationalCapitalRegionNcr,LegendSrsCinemasFaridabad,Hindi,10:00,PlatinumClass,120₹,74,0
UttarPradesh,NationalCapitalRegionNcr,LegendSrsCinemasFaridabad,Hindi,10:00,ExecutiveClass,120₹,8,0
Gujarat,Bhavnagar,Top3MultiplexBhavnagar,Hindi,10:00,Gold,100₹,70,0
Gujarat,Bhavnagar,Top3MultiplexBhavnagar,Hindi,10:00,Silver,100₹,54,0
Bihar,Muzaffarpur,EylexCinemaMuzaffarpur,Hindi,10:00,Gold,100₹,33,0
Bihar,Muzaffarpur,EylexCinemaMuzaffarpur,Hindi,10:00,Platinum,100₹,93,15
Gujarat,Ahmedabad,NyCinemasAhmedabad,Hindi,10:00,Recliner,250₹,15,0
Gujarat,Ahmedabad,NyCinemasAhmedabad,Hindi,10:00,Comforts,180₹,26,0
Gujarat,Ahmedabad,NyCinemasAhmedabad,Hindi,10:00,Prime,110₹,126,0
Gujarat,Ahmedabad,NyCinemasAhmedabad,Hindi,10:00,Classic,110₹,34,0
Jharkhand,Deoghar,EylexCinemasDeoghar,Hindi,10:00,Diamond,100₹,64,8
Jharkhand,Deoghar,EylexCinemasDeoghar,Hindi,10:00,Gold,100₹,51,0
Jharkhand,Deoghar,EylexCinemasDeoghar,Hindi,10:00,Platinum,100₹,51,4
Jharkhand,Deoghar,EylexCinemasDeoghar,Hindi,10:00,Silver,100₹,34,0
Bihar,Patna,ConnplexSmartTheatreRajaBazarPatna,Hindi,10:00,Lounger,220₹,9,0
Bihar,Patna,ConnplexSmartTheatreRajaBazarPatna,Hindi,10:00,Miller,200₹,47,0
UttarPradesh,Agra,SarvCinemasAgra,Hindi,10:00,SofaChair,300₹,8,4
UttarPradesh,Agra,SarvCinemasAgra,Hindi,10:00,PrimeSofa,150₹,20,3
UttarPradesh,Agra,SarvCinemasAgra,Hindi,10:00,Gold,100₹,80,0
Jharkhand,Hazaribagh,EylexCinemaHazaribagh,Hindi,10:00,Rl,250₹,5,5
Jharkhand,Hazaribagh,EylexCinemaHazaribagh,Hindi,10:00,Gl,100₹,39,0
Jharkhand,Hazaribagh,EylexCinemaHazaribagh,Hindi,10:00,Pl,100₹,147,2
Maharashtra,Pune,CinepolisVipSeasonsMallPune,Hindi,10:00,VipExecutive,200₹,20,0
Maharashtra,Pune,CinepolisVipSeasonsMallPune,Hindi,10:00,VipPremium,250₹,54,8
MadhyaPradesh,Satna,A4EntertainmentSatna,Hindi,10:00,Recliner,200₹,16,0
MadhyaPradesh,Satna,A4EntertainmentSatna,Hindi,10:00,Platinum,90₹,95,0
MadhyaPradesh,Satna,A4EntertainmentSatna,Hindi,10:00,Gold,80₹,47,0
UttarPradesh,Gangoh,ChaudharySsMultiplexGangoh,Hindi,10:00,Silver,110₹,69,0
UttarPradesh,Gangoh,ChaudharySsMultiplexGangoh,Hindi,10:00,Gold,150₹,66,0
UttarPradesh,Gangoh,ChaudharySsMultiplexGangoh,Hindi,10:00,Platinum,180₹,14,0
Jharkhand,Jamshedpur,EylexCinemasJamshedpur,Hindi,10:00,Lounge2,150₹,15,0
Jharkhand,Jamshedpur,EylexCinemasJamshedpur,Hindi,10:00,Gold,100₹,57,0
Jharkhand,Jamshedpur,EylexCinemasJamshedpur,Hindi,10:00,Platinum,100₹,208,8
Jharkhand,Jamshedpur,EylexCinemasJamshedpur,Hindi,10:00,Silver,100₹,38,0
Maharashtra,Pune,PvrKumarPacificPune,Hindi,10:00,Classic,150₹,24,0
Maharashtra,Pune,PvrKumarPacificPune,Hindi,10:00,Prime,160₹,162,0
Maharashtra,Pune,PvrKumarPacificPune,Hindi,10:00,Recliner,250₹,12,6
Chhattisgarh,Raipur,ColorsCinemasRaipur,Hindi,10:00,Lounge,100₹,26,15
Chhattisgarh,Raipur,ColorsCinemasRaipur,Hindi,10:00,Club,100₹,112,14
Chhattisgarh,Raipur,ColorsCinemasRaipur,Hindi,10:00,Premium,100₹,100,20
Punjab,Amritsar,CinepolisNexusAmritsar,Hindi,10:05,Normal,130₹,165,17
Punjab,Amritsar,CinepolisNexusAmritsar,Hindi,10:05,Executive,130₹,220,50
Maharashtra,Mumbai,CinepolisFunRepublicMallAndheriW,Hindi,10:10,Normal,100₹,40,0
Maharashtra,Mumbai,CinepolisFunRepublicMallAndheriW,Hindi,10:10,Executive,120₹,125,14
Maharashtra,Mumbai,CinepolisFunRepublicMallAndheriW,Hindi,10:10,Premium,140₹,73,32
Maharashtra,Mumbai,CinepolisFunRepublicMallAndheriW,Hindi,10:10,Vip,300₹,20,10
Maharashtra,Pune,CinepolisNexusWestendMallAundhPune,Hindi,10:10,Normal,180₹,21,2
Maharashtra,Pune,CinepolisNexusWestendMallAundhPune,Hindi,10:10,Executive,180₹,73,2
Maharashtra,Pune,CinepolisNexusWestendMallAundhPune,Hindi,10:10,Premium,180₹,36,10
Maharashtra,Mumbai,FunCinemasKStarMallChembur,Hindi,10:10,Normal,130₹,106,0
Maharashtra,Mumbai,FunCinemasKStarMallChembur,Hindi,10:10,Executive,130₹,72,6
Maharashtra,Mumbai,FunCinemasKStarMallChembur,Hindi,10:10,Premium,150₹,46,9
UttarPradesh,NationalCapitalRegionNcr,CinepolisAiriaMallSohnaRoadGurgaon,Hindi,10:10,Normal,150₹,29,0
UttarPradesh,NationalCapitalRegionNcr,CinepolisAiriaMallSohnaRoadGurgaon,Hindi,10:10,Executive,150₹,60,0
UttarPradesh,NationalCapitalRegionNcr,CinepolisAiriaMallSohnaRoadGurgaon,Hindi,10:10,Premium,150₹,45,7
UttarPradesh,NationalCapitalRegionNcr,CinepolisAiriaMallSohnaRoadGurgaon,Hindi,10:10,Vip,300₹,8,0
UttarPradesh,Varanasi,IpCinemasIpSigraMallVaranasi,Hindi,10:15,Gold,150₹,180,5
UttarPradesh,Varanasi,IpCinemasIpSigraMallVaranasi,Hindi,10:15,Silver,110₹,84,0
UttarPradesh,Varanasi,IpCinemasIpSigraMallVaranasi,Hindi,10:15,Recliner,600₹,16,0
Bihar,Muzaffarpur,CinepolisGrandMallMuzaffarpur,Hindi,10:15,Normal,160₹,34,0
Bihar,Muzaffarpur,CinepolisGrandMallMuzaffarpur,Hindi,10:15,Executive,180₹,90,0
Bihar,Muzaffarpur,CinepolisGrandMallMuzaffarpur,Hindi,10:15,Premium,200₹,55,0
MadhyaPradesh,Bhopal,DdxMultiplexBhopal,Hindi,10:15,Balcony,140₹,8,0
MadhyaPradesh,Bhopal,DdxMultiplexBhopal,Hindi,10:15,Gold,100₹,98,0
Gujarat,Vadodara,CinemarcAkotaVadodara,Hindi,10:15,Silver,80₹,87,0
Gujarat,Vadodara,CinemarcAkotaVadodara,Hindi,10:15,Premier,70₹,12,0
Gujarat,Vadodara,CinemarcAkotaVadodara,Hindi,10:15,Sofa,80₹,25,8
Maharashtra,Mumbai,InoxMegaplexInorbitMallMalad,Hindi,10:15,Insignia,300₹,38,12
UttarPradesh,NationalCapitalRegionNcr,CinepolisUnityOneMallRohiniDelhi,Hindi,10:15,Normal,210₹,26,0
UttarPradesh,NationalCapitalRegionNcr,CinepolisUnityOneMallRohiniDelhi,Hindi,10:15,Executive,220₹,135,26
UttarPradesh,NationalCapitalRegionNcr,CinepolisV3SMallLaxmiNagar,Hindi,10:15,Normal,170₹,162,0
UttarPradesh,NationalCapitalRegionNcr,CinepolisV3SMallLaxmiNagar,Hindi,10:15,Executive,180₹,184,23
Bihar,Patna,ConnplexSmartTheatreSpVermaRoadPatna,Hindi,10:15,Loungers,200₹,11,2
Bihar,Patna,ConnplexSmartTheatreSpVermaRoadPatna,Hindi,10:15,Miller,200₹,63,2
Gujarat,Ahmedabad,RajhansCinemasSatadhar,Hindi,10:15,Executive,130₹,175,28
Gujarat,Ahmedabad,RajhansCinemasSatadhar,Hindi,10:15,Royal,110₹,105,4
Gujarat,Ahmedabad,RajhansCinemasSatadhar,Hindi,10:15,Marvel,110₹,30,0
Gujarat,Ahmedabad,RajhansCinemasSatadhar,Hindi,10:15,Box,130₹,4,4
Maharashtra,Mumbai,PvrLuxePhoenixPalladiumLowerParelMumbai,Hindi,10:15,Prime,450₹,20,0
Maharashtra,Mumbai,PvrLuxePhoenixPalladiumLowerParelMumbai,Hindi,10:15,PrimePlus,450₹,42,8
Bihar,Katihar,ConnplexSmartTheatreKatihar,Hindi,10:15,Lounger,220₹,11,0
Bihar,Katihar,ConnplexSmartTheatreKatihar,Hindi,10:15,Miller,200₹,59,3
Gujarat,Surat,CityPlusMultiplexSurat,Hindi,10:15,GoldStar,80₹,240,0
Gujarat,Surat,CityPlusMultiplexSurat,Hindi,10:15,Gold,100₹,263,0
Gujarat,Surat,CityPlusMultiplexSurat,Hindi,10:15,Executive,300₹,22,0
Gujarat,Ahmedabad,BananaSmartplexAhmedabad,Hindi,10:20,Premium,180₹,83,0
Chhattisgarh,Raipur,PvrCityCenterRaipur,Hindi,10:20,Classic,120₹,26,0
Chhattisgarh,Raipur,PvrCityCenterRaipur,Hindi,10:20,Prime,130₹,145,9
MadhyaPradesh,Bhopal,CinepolisAashimaMallBhopal,Hindi,10:20,Normal,130₹,30,0
MadhyaPradesh,Bhopal,CinepolisAashimaMallBhopal,Hindi,10:20,Executive,130₹,102,0
MadhyaPradesh,Bhopal,CinepolisAashimaMallBhopal,Hindi,10:20,Premium,130₹,83,10
UttarPradesh,NationalCapitalRegionNcr,CinepolisCrossRiverMallShahdara,Hindi,10:20,Normal,200₹,172,0
UttarPradesh,NationalCapitalRegionNcr,CinepolisCrossRiverMallShahdara,Hindi,10:20,Executive,210₹,286,7
UttarPradesh,NationalCapitalRegionNcr,CinepolisCrossRiverMallShahdara,Hindi,10:20,Vip,400₹,13,3
UttarPradesh,NationalCapitalRegionNcr,FunCinemasTdiMallMotiNagar,Hindi,10:20,Normal,130₹,74,0
UttarPradesh,NationalCapitalRegionNcr,FunCinemasTdiMallMotiNagar,Hindi,10:20,Executive,140₹,128,26
Rajasthan,Jaipur,CinepolisWorldTradeParkMallJaipur,Hindi,10:25,Normal,140₹,39,0
Rajasthan,Jaipur,CinepolisWorldTradeParkMallJaipur,Hindi,10:25,Executive,140₹,129,3
Rajasthan,Jaipur,CinepolisWorldTradeParkMallJaipur,Hindi,10:25,Premium,140₹,43,14
Rajasthan,Jaipur,CinepolisWorldTradeParkMallJaipur,Hindi,10:25,Vip,250₹,21,4
UttarPradesh,Lucknow,CinepolisOneAwadhCentreLucknow,Hindi,10:25,Normal,150₹,27,0
UttarPradesh,Lucknow,CinepolisOneAwadhCentreLucknow,Hindi,10:25,Executive,150₹,90,0
UttarPradesh,Lucknow,CinepolisOneAwadhCentreLucknow,Hindi,10:25,Premium,150₹,51,7
UttarPradesh,Lucknow,CinepolisOneAwadhCentreLucknow,Hindi,10:25,Vip,450₹,20,0
UttarPradesh,NationalCapitalRegionNcr,SaimCinemasSlfMallSec3033Faridabad,Hindi,10:30,Gold,100₹,66,4
UttarPradesh,NationalCapitalRegionNcr,SaimCinemasSlfMallSec3033Faridabad,Hindi,10:30,Silver,100₹,80,0
Gujarat,Surat,RoongtaCinemasSurat,Hindi,10:30,RoyalRecliner,300₹,11,0
Gujarat,Surat,RoongtaCinemasSurat,Hindi,10:30,RoyalSofa,200₹,66,0
Gujarat,Surat,RoongtaCinemasSurat,Hindi,10:30,Lounger,170₹,9,0
MadhyaPradesh,Indore,InoxSapnaSangeetaMallSnehaNagar,Hindi,10:30,Club,130₹,160,26
MadhyaPradesh,Indore,InoxSapnaSangeetaMallSnehaNagar,Hindi,10:30,Royale,130₹,47,47
MadhyaPradesh,Indore,InoxSapnaSangeetaMallSnehaNagar,Hindi,10:30,Executive,112₹,80,2
UttarPradesh,NationalCapitalRegionNcr,PvrAnupamSaketDelhi,Hindi,10:30,Classic,112₹,52,2
UttarPradesh,NationalCapitalRegionNcr,PvrAnupamSaketDelhi,Hindi,10:30,Prime,112₹,41,16
Maharashtra,Mumbai,MovietimeTheHubGoregaon,Hindi,10:30,Gold,120₹,196,30
UttarPradesh,NationalCapitalRegionNcr,CinepolisGrandVeniceMallGreaterNoida,Hindi,10:30,Normal,112₹,26,0
UttarPradesh,NationalCapitalRegionNcr,CinepolisGrandVeniceMallGreaterNoida,Hindi,10:30,Executive,130₹,77,0
UttarPradesh,NationalCapitalRegionNcr,CinepolisGrandVeniceMallGreaterNoida,Hindi,10:30,Premium,140₹,42,9
Maharashtra,Mumbai,CinepolisVivianaMallThane,Hindi,10:30,Normal,150₹,25,0
Maharashtra,Mumbai,CinepolisVivianaMallThane,Hindi,10:30,Executive,150₹,97,16
Maharashtra,Mumbai,CinepolisVivianaMallThane,Hindi,10:30,Premium,150₹,43,14
Maharashtra,Pune,RajhansCinemas93AvenueMallFatimaNagarPune,Hindi,10:30,Recliner,200₹,23,4
Maharashtra,Pune,RajhansCinemas93AvenueMallFatimaNagarPune,Hindi,10:30,Executive,110₹,138,7
Maharashtra,Pune,RajhansCinemas93AvenueMallFatimaNagarPune,Hindi,10:30,Royal,110₹,76,0
Maharashtra,Pune,RajhansCinemas93AvenueMallFatimaNagarPune,Hindi,10:30,Marvel,110₹,38,0
,Hathras,RrCinemaMayaPalaceHathras,Hindi,10:30,Gold,150₹,182,11
Bihar,Muzaffarpur,PjpCinemasMuzaffarpur,Hindi,10:30,Normal,140₹,30,0
Bihar,Muzaffarpur,PjpCinemasMuzaffarpur,Hindi,10:30,Executive,140₹,102,0
Bihar,Muzaffarpur,PjpCinemasMuzaffarpur,Hindi,10:30,Premium,140₹,80,19
Rajasthan,Udaipur,InoxLakeCityMall,Hindi,10:30,Club,110₹,192,17
Rajasthan,Udaipur,InoxLakeCityMall,Hindi,10:30,Executive,110₹,34,7
Gujarat,Gandhidham,VinayCinemaAdipur,Hindi,10:30,Vip,250₹,24,6
Gujarat,Gandhidham,VinayCinemaAdipur,Hindi,10:30,Platinum,150₹,62,0
Gujarat,Gandhidham,VinayCinemaAdipur,Hindi,10:30,Diamond,100₹,124,2
Gujarat,Gandhidham,VinayCinemaAdipur,Hindi,10:30,Gold,100₹,111,0
Gujarat,Gandhidham,VinayCinemaAdipur,Hindi,10:30,Silver,100₹,54,0
Maharashtra,Pune,InoxElproCitySquareChinchwad,Hindi,10:35,RoyaleRecliners,250₹,27,6
Maharashtra,Pune,InoxElproCitySquareChinchwad,Hindi,10:35,Royale,150₹,91,33
Maharashtra,Pune,InoxElproCitySquareChinchwad,Hindi,10:35,Club,130₹,90,16
Maharashtra,Pune,InoxElproCitySquareChinchwad,Hindi,10:35,Executive,130₹,30,0
UttarPradesh,NationalCapitalRegionNcr,FunCinemasPmCinemasParsvnathMallManhattan,Hindi,10:40,Royal,150₹,55,10
UttarPradesh,NationalCapitalRegionNcr,FunCinemasPmCinemasParsvnathMallManhattan,Hindi,10:40,Premier,100₹,56,0
UttarPradesh,NationalCapitalRegionNcr,FunCinemasPmCinemasParsvnathMallManhattan,Hindi,10:40,Silver,100₹,66,0
UttarPradesh,NationalCapitalRegionNcr,WaveRajaGarden,Hindi,10:45,Classic,150₹,142,14
UttarPradesh,NationalCapitalRegionNcr,UsCinemaEuropaGalaxyBlueSapphire,Hindi,10:45,Lux,130₹,80,0
UttarPradesh,NationalCapitalRegionNcr,UsCinemaEuropaGalaxyBlueSapphire,Hindi,10:45,LuxPlus,150₹,143,10
Gujarat,Surat,InoxVrMallSurat,Hindi,10:45,RoyalRecliner,280₹,18,8
Gujarat,Surat,InoxVrMallSurat,Hindi,10:45,Royal,140₹,60,8
Gujarat,Surat,InoxVrMallSurat,Hindi,10:45,Club,112₹,122,3
Gujarat,Surat,InoxVrMallSurat,Hindi,10:45,Executive,112₹,34,0
Haryana,Sonipat,MaxxCinemaSonipat,Hindi,10:45,Premium,80₹,172,5
Maharashtra,Mumbai,InoxLaserplexCr2NarimanPoint,Hindi,10:45,Royale,170₹,93,23
Maharashtra,Mumbai,InoxLaserplexCr2NarimanPoint,Hindi,10:45,Club,150₹,160,10
Gujarat,Surat,PvrRahulRajSurat,Hindi,10:50,Classic,120₹,30,2
Gujarat,Surat,PvrRahulRajSurat,Hindi,10:50,ClassicPlus,140₹,30,0
Gujarat,Surat,PvrRahulRajSurat,Hindi,10:50,Prime,160₹,72,16
Gujarat,Surat,PvrRahulRajSurat,Hindi,10:50,Recliner,280₹,24,7
Gujarat,Ahmedabad,TheCinestarMiniplexBhatCircleSpRingRoad,Hindi,10:50,CoupleSofa,200₹,18,0
Gujarat,Ahmedabad,TheCinestarMiniplexBhatCircleSpRingRoad,Hindi,10:50,Sofa,150₹,50,0
Gujarat,Ahmedabad,TheCinestarMiniplexBhatCircleSpRingRoad,Hindi,10:50,Lounger,150₹,10,0
Haryana,Palwal,SaimCinemasPalwal,Hindi,11:00,Box,250₹,7,0
Haryana,Palwal,SaimCinemasPalwal,Hindi,11:00,Platinum,200₹,18,0
Haryana,Palwal,SaimCinemasPalwal,Hindi,11:00,Gold,150₹,127,0
Haryana,Palwal,SaimCinemasPalwal,Hindi,11:00,Silver,110₹,105,0
,Titlagarh,ChhotuMaharajCineCafeTitlagarh,Hindi,11:00,Classique,150₹,76,0
,Titlagarh,ChhotuMaharajCineCafeTitlagarh,Hindi,11:00,Premium,120₹,24,0
Maharashtra,Mumbai,CinepolisVipVivianaMallThane,Hindi,11:00,VipExecutive,350₹,20,2
Maharashtra,Mumbai,CinepolisVipVivianaMallThane,Hindi,11:00,VipPremium,400₹,54,5
Gujarat,Vadodara,CinemarcNewVipRoad,Hindi,11:00,Gold,80₹,20,0
Gujarat,Vadodara,CinemarcNewVipRoad,Hindi,11:00,Silver,80₹,87,0
Gujarat,Vadodara,CinemarcNewVipRoad,Hindi,11:00,Premium,80₹,13,0
Gujarat,Vadodara,CinemarcNewVipRoad,Hindi,11:00,Sofa,100₹,19,3
Orissa,Bhawanipatna,BhagirathiMultiplexBhawanipatna,Hindi,11:00,Recliner,300₹,8,0
Orissa,Bhawanipatna,BhagirathiMultiplexBhawanipatna,Hindi,11:00,Platinum,180₹,91,0
Orissa,Bhawanipatna,BhagirathiMultiplexBhawanipatna,Hindi,11:00,Gold,100₹,52,0
Assam,Guwahati,CinepolisCentralMallGuwahati,Hindi,11:00,Normal,130₹,24,0
Assam,Guwahati,CinepolisCentralMallGuwahati,Hindi,11:00,Executive,150₹,116,6
Assam,Guwahati,CinepolisCentralMallGuwahati,Hindi,11:00,Premium,170₹,56,9
Assam,Guwahati,CinepolisCentralMallGuwahati,Hindi,11:00,Vip,350₹,4,0
Maharashtra,Mumbai,InoxMetroMallJunctionKalyanE,Hindi,11:00,Gold,240₹,46,10
UttarPradesh,Lucknow,PvrPhoenixLucknow,Hindi,11:00,Classic,150₹,208,23
UttarPradesh,Lucknow,PvrPhoenixLucknow,Hindi,11:00,Prime,185₹,24,6
UttarPradesh,Lucknow,PvrPhoenixLucknow,Hindi,11:00,Recliner,250₹,10,4
UttarPradesh,NationalCapitalRegionNcr,PvrVvipGhaziabad,Hindi,11:00,Classic,160₹,154,17
UttarPradesh,NationalCapitalRegionNcr,PvrVvipGhaziabad,Hindi,11:00,Prime,210₹,12,6
UttarPradesh,NationalCapitalRegionNcr,PvrDirectorSCutDelhiAmbienceMall,Hindi,11:00,Platinum,500₹,84,2
UttarPradesh,NationalCapitalRegionNcr,PvrDirectorSCutDelhiAmbienceMall,Hindi,11:00,PlatinumSuperior,500₹,24,8
Telangana,Hyderabad,CinepolisSudhaCinemasHyderabad,Hindi,11:00,Normal,150₹,72,0
Telangana,Hyderabad,CinepolisSudhaCinemasHyderabad,Hindi,11:00,Executive,150₹,133,7
UttarPradesh,Varanasi,JhvCinemasVaranasi,Hindi,11:00,Gold,300₹,42,6
UttarPradesh,Varanasi,JhvCinemasVaranasi,Hindi,11:00,SilverPlus,250₹,219,4
UttarPradesh,Varanasi,JhvCinemasVaranasi,Hindi,11:00,Silver,200₹,84,0
Maharashtra,Pune,AbhiruchiCityPrideSinhagadRoad,Hindi,11:00,RoyalSofa,140₹,12,10
Maharashtra,Pune,AbhiruchiCityPrideSinhagadRoad,Hindi,11:00,RoyalGold,120₹,123,27
Maharashtra,Pune,AbhiruchiCityPrideSinhagadRoad,Hindi,11:00,RoyalSilver,100₹,30,0
Punjab,Jalandhar,PvrFriendsJalandhar,Hindi,11:00,Classic,150₹,33,0
Punjab,Jalandhar,PvrFriendsJalandhar,Hindi,11:00,Prime,150₹,55,20
UttarPradesh,NationalCapitalRegionNcr,PvrMegaMallGurgaon,Hindi,11:00,Classic,149₹,39,1
UttarPradesh,NationalCapitalRegionNcr,PvrMegaMallGurgaon,Hindi,11:00,Prime,149₹,60,10
Punjab,Hoshiarpur,MirajCinemasHoshiarpur,Hindi,11:00,Special,100₹,76,0
Punjab,Hoshiarpur,MirajCinemasHoshiarpur,Hindi,11:00,Executive,100₹,152,0
Orissa,Rourkela,PvrForumMallRourkela,Hindi,11:00,Classic,150₹,28,0
Orissa,Rourkela,PvrForumMallRourkela,Hindi,11:00,Prime,170₹,98,6
Orissa,Rourkela,PvrForumMallRourkela,Hindi,11:00,PrimePlus,220₹,13,0
Gujarat,Gandhinagar,InoxGandhinagarAdalaj,Hindi,11:00,Platinum,170₹,42,11
Gujarat,Gandhinagar,InoxGandhinagarAdalaj,Hindi,11:00,Gold,112₹,130,12
Gujarat,Gandhinagar,InoxGandhinagarAdalaj,Hindi,11:00,Silver,100₹,300,0
Gujarat,Ahmedabad,1NewfangledMiniplexMondealRetailPark,Hindi,11:00,VipClub,600₹,10,6
Gujarat,Ahmedabad,1NewfangledMiniplexMondealRetailPark,Hindi,11:00,Premium,550₹,10,0
UttarPradesh,NationalCapitalRegionNcr,PvrVegasDwarka,Hindi,11:00,Classic,250₹,108,13
UttarPradesh,NationalCapitalRegionNcr,PvrVegasDwarka,Hindi,11:00,Prime,300₹,88,15
WestBengal,Kolkata,InoxSwabhumiMaulanaAzadSarani,Hindi,11:00,Royal,190₹,24,12
WestBengal,Kolkata,InoxSwabhumiMaulanaAzadSarani,Hindi,11:00,Club,140₹,118,10
WestBengal,Kolkata,InoxSwabhumiMaulanaAzadSarani,Hindi,11:00,Executive,140₹,33,0
Maharashtra,Pune,CityPrideMangalaCinema,Hindi,11:00,RoyalGold,100₹,204,53
Maharashtra,Pune,CityPrideMangalaCinema,Hindi,11:00,RoyalSilver,100₹,56,0
HimachalPradesh,Kullu,ShoblaMultiplexKullu,Hindi,11:00,Gold,220₹,116,1
HimachalPradesh,Kullu,ShoblaMultiplexKullu,Hindi,11:00,Silver,180₹,102,0
Uttarakhand,Almora,StarplexxCinemazAlmora,Hindi,11:00,VipBox,250₹,4,0
Uttarakhand,Almora,StarplexxCinemazAlmora,Hindi,11:00,Platinum,90₹,60,0
Uttarakhand,Almora,StarplexxCinemazAlmora,Hindi,11:00,Gold,90₹,121,0
Uttarakhand,Almora,StarplexxCinemazAlmora,Hindi,11:00,Silver,90₹,51,0
WestBengal,Kolkata,InoxQuestMall,Hindi,11:00,RoyalRecliner,330₹,14,12
WestBengal,Kolkata,InoxQuestMall,Hindi,11:00,Club,200₹,112,2
WestBengal,Kolkata,InoxQuestMall,Hindi,11:00,Executive,200₹,24,0
WestBengal,Kolkata,InoxQuestMall,Hindi,11:00,Royal,200₹,32,11
Maharashtra,Mumbai,MovietimeMalad,Hindi,11:00,DressCircle,100₹,70,21
Gujarat,Surat,TimeCinemaGalaxyCirclePalSurat,Hindi,11:00,InfinitySofa,230₹,34,0
Maharashtra,Mumbai,MetroInoxCinemasMarineLines,Hindi,11:00,Royale,190₹,57,22
Maharashtra,Mumbai,MetroInoxCinemasMarineLines,Hindi,11:00,Club,170₹,144,6
Maharashtra,Mumbai,MetroInoxCinemasMarineLines,Hindi,11:00,Executive,140₹,36,0
Maharashtra,Mumbai,PvrOrionMallPanvel,Hindi,11:00,Classic,140₹,28,2
Maharashtra,Mumbai,PvrOrionMallPanvel,Hindi,11:00,Prime,170₹,115,6
Maharashtra,Mumbai,PvrOrionMallPanvel,Hindi,11:00,PrimePlus,200₹,34,4
Jharkhand,Dhanbad,InoxPrabhatamGrandMallDhanbad,Hindi,11:00,Club,140₹,42,10
Jharkhand,Dhanbad,InoxPrabhatamGrandMallDhanbad,Hindi,11:00,Royal,140₹,186,68
Jharkhand,Dhanbad,InoxPrabhatamGrandMallDhanbad,Hindi,11:00,Executive,130₹,42,3
UttarPradesh,NationalCapitalRegionNcr,InoxNehruPlace,Hindi,11:00,Club,200₹,120,5
UttarPradesh,NationalCapitalRegionNcr,InoxNehruPlace,Hindi,11:00,Executive,200₹,105,0
UttarPradesh,NationalCapitalRegionNcr,InoxNehruPlace,Hindi,11:00,Royal,200₹,51,24
Maharashtra,Mumbai,MaxusCinemasSakiNaka,Hindi,11:00,Royal,150₹,37,13
UttarPradesh,NationalCapitalRegionNcr,MirajCinemasVikasCineMallShahdara,Hindi,11:00,Special,160₹,144,0
UttarPradesh,NationalCapitalRegionNcr,MirajCinemasVikasCineMallShahdara,Hindi,11:00,Executive,180₹,159,10
Orissa,Bhawanipatna,NewStarCineplexBhawanipatna,Hindi,11:00,Platinum,300₹,6,0
Orissa,Bhawanipatna,NewStarCineplexBhawanipatna,Hindi,11:00,Gold,180₹,88,0
Orissa,Bhawanipatna,NewStarCineplexBhawanipatna,Hindi,11:00,Silver,100₹,66,0
Haryana,Panipat,FunCinemasMittalMegaMallPanipat,Hindi,11:00,Normal,130₹,60,0
Haryana,Panipat,FunCinemasMittalMegaMallPanipat,Hindi,11:00,Executive,150₹,150,6
Orissa,Jharsuguda,EylexCinemaJharsuguda,Hindi,11:00,Diamond,100₹,13,0
Orissa,Jharsuguda,EylexCinemaJharsuguda,Hindi,11:00,Platinum,100₹,84,6
Gujarat,Ahmedabad,2NewfangledMiniplexMoteraAhmedabad,Hindi,11:00,CoupleSeat,500₹,29,6
Chandigarh,Meerut,RapidCinemaTheMelangeMallMeerut,Hindi,11:00,Gold,200₹,216,0
Chandigarh,Meerut,RapidCinemaTheMelangeMallMeerut,Hindi,11:00,Silver,200₹,48,0
Chandigarh,Meerut,RapidCinemaTheMelangeMallMeerut,Hindi,11:00,Diamond,200₹,38,0
Chandigarh,Meerut,RapidCinemaTheMelangeMallMeerut,Hindi,11:00,Recliner,300₹,10,0
WestBengal,Kolkata,InoxSouthCityKolkata,Hindi,11:05,RoyalRecliner,420₹,74,14
Punjab,Patiala,PvrVrcPatiala,Hindi,11:05,Classic,150₹,32,0
Punjab,Patiala,PvrVrcPatiala,Hindi,11:05,Prime,150₹,153,2
Punjab,Patiala,PvrVrcPatiala,Hindi,11:05,Recliner,400₹,10,2
Gujarat,Rajkot,CosmoplexMultiplexRajkot,Hindi,11:10,Club,200₹,65,5
Uttarakhand,Dehradun,PvrPacificDehradun,Hindi,11:10,Classic,140₹,24,0
Uttarakhand,Dehradun,PvrPacificDehradun,Hindi,11:10,Prime,180₹,84,6
UttarPradesh,NationalCapitalRegionNcr,PvrAmbienceGurgaon,Hindi,11:15,ClassicNormal,150₹,119,5
UttarPradesh,NationalCapitalRegionNcr,PvrAmbienceGurgaon,Hindi,11:15,Prime,150₹,89,21
UttarPradesh,NationalCapitalRegionNcr,PvrGaurCityGreaterNoida,Hindi,11:15,Classic,170₹,106,3
UttarPradesh,NationalCapitalRegionNcr,PvrGaurCityGreaterNoida,Hindi,11:15,Prime,200₹,13,5
Gujarat,Ahmedabad,PvrAcropolisAhmedabad,Hindi,11:15,Classic,125₹,39,0
Gujarat,Ahmedabad,PvrAcropolisAhmedabad,Hindi,11:15,Prime,150₹,65,15
Gujarat,Ahmedabad,PvrAcropolisAhmedabad,Hindi,11:15,PrimePlus,200₹,66,15
Gujarat,Ahmedabad,PvrAcropolisAhmedabad,Hindi,11:15,Recliner,400₹,8,7
WestBengal,Kolkata,JayaCinemasCityMallBarasat,Hindi,11:15,DressCircle,70₹,182,19
WestBengal,Kolkata,JayaCinemasCityMallBarasat,Hindi,11:15,RearStall,70₹,28,0
Maharashtra,Mumbai,InoxRaghuleelaMallVashi,Hindi,11:15,Premier,140₹,105,17
Maharashtra,Mumbai,InoxRaghuleelaMallVashi,Hindi,11:15,Silver,140₹,43,26
Maharashtra,Mumbai,InoxRaghuleelaMallVashi,Hindi,11:15,Executive,112₹,32,2
UttarPradesh,NationalCapitalRegionNcr,UsCinemasAdityaMallIndirapuram,Hindi,11:15,Royal,250₹,24,0
UttarPradesh,NationalCapitalRegionNcr,UsCinemasAdityaMallIndirapuram,Hindi,11:15,RoyalPlus,300₹,48,12
UttarPradesh,NationalCapitalRegionNcr,PristineMallOldSrsSec31Faridabad,Hindi,11:20,Platinum,100₹,94,30
UttarPradesh,NationalCapitalRegionNcr,PristineMallOldSrsSec31Faridabad,Hindi,11:20,Gold,100₹,39,13
UttarPradesh,NationalCapitalRegionNcr,PristineMallOldSrsSec31Faridabad,Hindi,11:20,Silver,100₹,26,13
Orissa,Bhubaneswar,InoxBmcBhawaniMall,Hindi,11:20,Club,150₹,126,15
Orissa,Bhubaneswar,InoxBmcBhawaniMall,Hindi,11:20,Executive,150₹,42,0
Orissa,Bhubaneswar,InoxBmcBhawaniMall,Hindi,11:20,Royale,150₹,48,26
Assam,Guwahati,PvrCityCentreGuwahati,Hindi,11:25,Classic,180₹,44,1
Assam,Guwahati,PvrCityCentreGuwahati,Hindi,11:25,Prime,190₹,107,19
Assam,Guwahati,PvrCityCentreGuwahati,Hindi,11:25,PrimePlus,220₹,14,8
Jharkhand,Bokaro,PvrBokaro,Hindi,11:30,Classic,145₹,84,2
Jharkhand,Bokaro,PvrBokaro,Hindi,11:30,Prime,160₹,109,9
HimachalPradesh,Una,RajhansCinemasMrcMagnumMallIsbtUna,Hindi,11:30,Executive,130₹,124,2
HimachalPradesh,Una,RajhansCinemasMrcMagnumMallIsbtUna,Hindi,11:30,Royal,110₹,32,0
HimachalPradesh,Una,RajhansCinemasMrcMagnumMallIsbtUna,Hindi,11:30,Marvel,110₹,16,0
UttarPradesh,NationalCapitalRegionNcr,CinepolisJanakCinemaNewDelhi,Hindi,11:30,Normal,180₹,28,2
UttarPradesh,NationalCapitalRegionNcr,CinepolisJanakCinemaNewDelhi,Hindi,11:30,Executive,200₹,103,18
UttarPradesh,NationalCapitalRegionNcr,CinepolisJanakCinemaNewDelhi,Hindi,11:30,Premium,220₹,28,8
UttarPradesh,Agra,GoldCinemaAgra,Hindi,11:30,Gold,150₹,118,2
Punjab,Ludhiana,PvrSilverArcLudhiana,Hindi,11:30,Classic,150₹,202,2
Punjab,Ludhiana,PvrSilverArcLudhiana,Hindi,11:30,Prime,150₹,16,4
Punjab,Ludhiana,PvrSilverArcLudhiana,Hindi,11:30,Recliner,399₹,26,4
UttarPradesh,NationalCapitalRegionNcr,MirajCinemasM4USahibabad,Hindi,11:30,Special,110₹,60,2
UttarPradesh,NationalCapitalRegionNcr,MirajCinemasM4USahibabad,Hindi,11:30,Executive,130₹,134,18
ArunachalPradesh,Itanagar,TnzCinemasItanagar,Hindi,11:30,Silver,150₹,17,0
ArunachalPradesh,Itanagar,TnzCinemasItanagar,Hindi,11:30,Gold,200₹,34,5
ArunachalPradesh,Itanagar,TnzCinemasItanagar,Hindi,11:30,Platinum,250₹,34,0
ArunachalPradesh,Itanagar,TnzCinemasItanagar,Hindi,11:30,SofaSlider,400₹,30,2
ArunachalPradesh,Itanagar,TnzCinemasItanagar,Hindi,11:30,Recliner,600₹,13,0
Rajasthan,Jaipur,PvrMallOfJaipur,Hindi,11:30,Classic,140₹,20,0
Rajasthan,Jaipur,PvrMallOfJaipur,Hindi,11:30,Prime,160₹,43,4
Rajasthan,Jaipur,PvrMallOfJaipur,Hindi,11:30,PrimePlus,180₹,26,10
Rajasthan,Jaipur,PvrMallOfJaipur,Hindi,11:30,Recliner,300₹,8,4
Telangana,Mahbubnagar,SriKrishnaTheatreMahbubnagar,Hindi,11:30,Balcony,100₹,373,0
Maharashtra,Mumbai,SterlingCineplexFort,Hindi,11:30,Gold,150₹,137,53
Maharashtra,Mumbai,SterlingCineplexFort,Hindi,11:30,Silver,150₹,112,0
Maharashtra,Mumbai,SterlingCineplexFort,Hindi,11:30,Executive,150₹,32,0
Gujarat,Jamnagar,MehulCinemaxJamnagar,Hindi,11:30,Pl,200₹,4,4
Gujarat,Jamnagar,MehulCinemaxJamnagar,Hindi,11:30,Gl,100₹,149,10
Gujarat,Jamnagar,MehulCinemaxJamnagar,Hindi,11:30,Sl,100₹,120,0
UttarPradesh,NationalCapitalRegionNcr,PvrPacificSubhashNagarDelhi,Hindi,11:30,Recliner,450₹,20,7
UttarPradesh,NationalCapitalRegionNcr,PvrPacificSubhashNagarDelhi,Hindi,11:30,PrimePlus,300₹,42,9
UttarPradesh,NationalCapitalRegionNcr,PvrPacificSubhashNagarDelhi,Hindi,11:30,Prime,300₹,111,2
UttarPradesh,NationalCapitalRegionNcr,PvrPacificSubhashNagarDelhi,Hindi,11:30,Classic,250₹,36,0
UttarPradesh,NationalCapitalRegionNcr,RrCinemaJaipuriaMall,Hindi,11:30,PremiumSofa,250₹,21,0
UttarPradesh,NationalCapitalRegionNcr,RrCinemaJaipuriaMall,Hindi,11:30,Gold,140₹,252,14
UttarPradesh,NationalCapitalRegionNcr,RrCinemaJaipuriaMall,Hindi,11:30,Silver,110₹,100,2
UttarPradesh,Agra,SarvCinemasAgra,Hindi,11:35,SarvLounge,500₹,28,0
Orissa,Bhubaneswar,InoxDnRegaliaMall,Hindi,11:40,Club,112₹,40,0
Orissa,Bhubaneswar,InoxDnRegaliaMall,Hindi,11:40,Executive,112₹,20,0
Orissa,Bhubaneswar,InoxDnRegaliaMall,Hindi,11:40,Royal,112₹,83,49
UttarPradesh,Lucknow,PvrSuperplexLuluLucknow,Hindi,11:40,Classic,150₹,30,0
UttarPradesh,Lucknow,PvrSuperplexLuluLucknow,Hindi,11:40,ClassicPlus,200₹,90,0
UttarPradesh,Lucknow,PvrSuperplexLuluLucknow,Hindi,11:40,Prime,225₹,108,21
UttarPradesh,Lucknow,PvrSuperplexLuluLucknow,Hindi,11:40,Recliner,350₹,9,4
Assam,Guwahati,InoxAurusGuwahati,Hindi,11:50,Insignia,400₹,48,8
Gujarat,Ahmedabad,PvrMoteraAhmedabad,Hindi,11:50,Classic,100₹,54,0
Gujarat,Ahmedabad,PvrMoteraAhmedabad,Hindi,11:50,Prime,140₹,192,30
Gujarat,Ahmedabad,PvrMoteraAhmedabad,Hindi,11:50,Recliner,220₹,23,6
Gujarat,Surat,CityPlusMultiplexSurat,Hindi,11:55,GoldStar,110₹,220,0
Gujarat,Surat,CityPlusMultiplexSurat,Hindi,11:55,Gold,130₹,200,0
Gujarat,Surat,CityPlusMultiplexSurat,Hindi,11:55,Executive,300₹,17,0
MadhyaPradesh,Katni,CityPrideKatni,Hindi,12:00,Platinum,250₹,20,0
MadhyaPradesh,Katni,CityPrideKatni,Hindi,12:00,Gold,200₹,250,0
MadhyaPradesh,Katni,CityPrideKatni,Hindi,12:00,Silver,150₹,100,0
UttarPradesh,NationalCapitalRegionNcr,PvrMahagunGhaziabad,Hindi,12:00,Classic,260₹,228,33
UttarPradesh,NationalCapitalRegionNcr,PvrMahagunGhaziabad,Hindi,12:00,Recliner,400₹,11,10
Maharashtra,Mumbai,PvrAndheriE,Hindi,12:00,Classic,140₹,338,11
Maharashtra,Mumbai,PvrAndheriE,Hindi,12:00,Prime,140₹,24,9
UttarPradesh,Lucknow,InoxUmraoMallMahanagar,Hindi,12:00,RoyaleRecliners,300₹,12,4
UttarPradesh,Lucknow,InoxUmraoMallMahanagar,Hindi,12:00,Royale,170₹,40,17
UttarPradesh,Lucknow,InoxUmraoMallMahanagar,Hindi,12:00,Club,150₹,127,7
UttarPradesh,Lucknow,InoxUmraoMallMahanagar,Hindi,12:00,Executive,130₹,34,0
UttarPradesh,Gorakhpur,PvrVenusGorakhpur,Hindi,12:00,Classic,160₹,39,2
UttarPradesh,Gorakhpur,PvrVenusGorakhpur,Hindi,12:00,ClassicPlus,170₹,69,2
UttarPradesh,Gorakhpur,PvrVenusGorakhpur,Hindi,12:00,Prime,180₹,29,4
Gujarat,Vadodara,InoxRaceCourseCircle,Hindi,12:00,Gold,140₹,145,5
Gujarat,Vadodara,InoxRaceCourseCircle,Hindi,12:00,Platinum,140₹,71,21
Gujarat,Vadodara,InoxRaceCourseCircle,Hindi,12:00,Silver,140₹,95,0
MadhyaPradesh,Guna,SomyaCineplexGuna,Hindi,12:00,Gold,250₹,8,4
MadhyaPradesh,Guna,SomyaCineplexGuna,Hindi,12:00,Silver,150₹,198,17
Gujarat,Ahmedabad,CinemaxDevArcAhmedabad,Hindi,12:00,Classic,120₹,36,0
Gujarat,Ahmedabad,CinemaxDevArcAhmedabad,Hindi,12:00,Prime,150₹,182,22
Gujarat,Ahmedabad,CinemaxDevArcAhmedabad,Hindi,12:00,Recliner,300₹,34,1
UttarPradesh,NationalCapitalRegionNcr,PvrStarMallGurgaon,Hindi,12:00,Classic,112₹,120,0
UttarPradesh,NationalCapitalRegionNcr,PvrStarMallGurgaon,Hindi,12:00,Prime,112₹,128,30
Chhattisgarh,Dongargarh,ShreeCinemaDongargarh,Hindi,12:00,Gold,120₹,64,0
MadhyaPradesh,Indore,InoxPhoenixCitadelMallIndore,Hindi,12:00,Insignia,400₹,44,10
Uttarakhand,Almora,StarplexxCinemazAlmora,Hindi,12:00,VipBox,250₹,4,0
Uttarakhand,Almora,StarplexxCinemazAlmora,Hindi,12:00,Platinum,180₹,60,0
Uttarakhand,Almora,StarplexxCinemazAlmora,Hindi,12:00,Gold,140₹,121,0
Uttarakhand,Almora,StarplexxCinemazAlmora,Hindi,12:00,Silver,100₹,51,0
Karnataka,KalaburagiGulbarga,ShettysMultiplexGulbarga,Hindi,12:00,1Platinum,150₹,87,44
Karnataka,KalaburagiGulbarga,ShettysMultiplexGulbarga,Hindi,12:00,2Gold,100₹,281,193
Karnataka,KalaburagiGulbarga,ShettysMultiplexGulbarga,Hindi,12:00,3Silver,80₹,317,208
JammuAndKashmir,Jammu,PvrKcJammu,Hindi,12:00,Classic,150₹,282,3
JammuAndKashmir,Jammu,PvrKcJammu,Hindi,12:00,Prime,150₹,84,36
JammuAndKashmir,Jammu,PvrKcJammu,Hindi,12:00,Recliner,300₹,25,0
Maharashtra,Mumbai,MaxusCinemasBorivaliW,Hindi,12:00,Sofa,199₹,39,2
Maharashtra,Mumbai,MaxusCinemasBorivaliW,Hindi,12:00,PremiumPlus,112₹,198,7
Maharashtra,Mumbai,MaxusCinemasBorivaliW,Hindi,12:00,Premium,112₹,42,0
Gujarat,Anand,InfinityCinemasAnand,Hindi,12:00,Recliner,250₹,19,0
Gujarat,Anand,InfinityCinemasAnand,Hindi,12:00,Platinum,150₹,50,0
Gujarat,Anand,InfinityCinemasAnand,Hindi,12:00,Gold,110₹,60,0
UttarPradesh,NationalCapitalRegionNcr,PvrCityCentreGurgaon,Hindi,12:00,Classic,149₹,156,0
UttarPradesh,NationalCapitalRegionNcr,PvrCityCentreGurgaon,Hindi,12:00,Prime,149₹,134,18
UttarPradesh,NationalCapitalRegionNcr,PvrCityCentreGurgaon,Hindi,12:00,Recliner,349₹,20,4
UttarPradesh,NationalCapitalRegionNcr,InoxMsxMallGreaterNoida,Hindi,12:00,Royale,160₹,32,4
UttarPradesh,NationalCapitalRegionNcr,InoxMsxMallGreaterNoida,Hindi,12:00,Club,140₹,92,7
Gujarat,Bhavnagar,MaxusCinemasBhavnagar,Hindi,12:00,Sofa,149₹,35,0
Gujarat,Bhavnagar,MaxusCinemasBhavnagar,Hindi,12:00,PremierPlus,112₹,258,0
Gujarat,Bhavnagar,MaxusCinemasBhavnagar,Hindi,12:00,Premium,112₹,42,0
Gujarat,Gandhinagar,CityPulseGandhinagar,Hindi,12:00,Premiere,110₹,5,5
Gujarat,Gandhinagar,CityPulseGandhinagar,Hindi,12:00,Gold,110₹,50,8
Gujarat,Bharuch,InoxBlueChipMallBharuch,Hindi,12:00,Gold,190₹,9,3
Gujarat,Bharuch,InoxBlueChipMallBharuch,Hindi,12:00,Executive,140₹,63,0
Gujarat,Bharuch,InoxBlueChipMallBharuch,Hindi,12:00,Silver,140₹,172,8
Chhattisgarh,Bemetara,RatanTalkiesBemetara,Hindi,12:00,Gold,100₹,121,0
UttarPradesh,NationalCapitalRegionNcr,PvrRivoliDelhi,Hindi,12:00,Classic,150₹,158,0
UttarPradesh,NationalCapitalRegionNcr,PvrRivoliDelhi,Hindi,12:00,Prime,150₹,120,17
UttarPradesh,NationalCapitalRegionNcr,PvrRivoliDelhi,Hindi,12:00,BalconyPrimePlus,180₹,51,20
UttarPradesh,Lucknow,PvrSaharaganjMallLucknow,Hindi,12:00,Classic,190₹,190,16
UttarPradesh,Lucknow,PvrSaharaganjMallLucknow,Hindi,12:00,Recliner,320₹,12,2
Gujarat,Ahmedabad,KSeraSeraSgHighway,Hindi,12:00,Gold,99₹,16,0
Gujarat,Ahmedabad,KSeraSeraSgHighway,Hindi,12:00,Silver,99₹,60,0
Gujarat,Ahmedabad,19CinemaSouthBopalAhmedabad,Hindi,12:00,Platinum,150₹,18,0
Gujarat,Ahmedabad,19CinemaSouthBopalAhmedabad,Hindi,12:00,Gold,100₹,32,0
Gujarat,Ahmedabad,19CinemaSouthBopalAhmedabad,Hindi,12:00,Silver,100₹,16,2
Haryana,Chandigarh,PvrCentraChandigarh,Hindi,12:00,Classic,150₹,126,2
Haryana,Chandigarh,PvrCentraChandigarh,Hindi,12:00,Prime,190₹,175,36
Punjab,Ludhiana,PvrPavilionLudhiana,Hindi,12:00,Classic,150₹,77,38
Gujarat,Surat,RajhansCinemasVesuSurat,Hindi,12:00,Recliner,270₹,14,0
Gujarat,Surat,RajhansCinemasVesuSurat,Hindi,12:00,Executive,150₹,85,3
Gujarat,Surat,RajhansCinemasVesuSurat,Hindi,12:00,Royal,130₹,42,0
Gujarat,Surat,RajhansCinemasVesuSurat,Hindi,12:00,Marvel,110₹,28,0
Maharashtra,Chandrapur,MirajCinemaChandrapur,Hindi,12:00,Special,160₹,70,0
Maharashtra,Chandrapur,MirajCinemaChandrapur,Hindi,12:00,Executive,180₹,105,9
Maharashtra,Chandrapur,MirajCinemaChandrapur,Hindi,12:00,Gold,200₹,30,5
Rajasthan,Barmer,AanchalCinemaBarmer,Hindi,12:00,Silver,112₹,58,0
Rajasthan,Barmer,AanchalCinemaBarmer,Hindi,12:00,Gold,150₹,231,32
Rajasthan,Barmer,AanchalCinemaBarmer,Hindi,12:00,Platinum,200₹,52,0
Chhattisgarh,Dhamtari,EosCinemasDhamtari,Hindi,12:00,Prime,150₹,27,0
Chhattisgarh,Dhamtari,EosCinemasDhamtari,Hindi,12:00,Club,100₹,72,0
Chhattisgarh,Dhamtari,EosCinemasDhamtari,Hindi,12:00,Premium,100₹,54,0
Haryana,Hisar,SuncityCinemaHisar,Hindi,12:01,Platinum,150₹,16,4
Haryana,Hisar,SuncityCinemaHisar,Hindi,12:01,Gold,100₹,143,26
Haryana,Hisar,SuncityCinemaHisar,Hindi,12:01,Silver,100₹,61,0
UttarPradesh,Gorakhpur,InoxCityMallGorakhpur,Hindi,12:05,RoyalRecliner,450₹,12,7
UttarPradesh,Gorakhpur,InoxCityMallGorakhpur,Hindi,12:05,Club,210₹,210,47
UttarPradesh,Gorakhpur,InoxCityMallGorakhpur,Hindi,12:05,Executive,180₹,90,0
UttarPradesh,NationalCapitalRegionNcr,InoxErosOneJangpuraExtn,Hindi,12:05,Insignia,280₹,23,2
UttarPradesh,NationalCapitalRegionNcr,InoxErosOneJangpuraExtn,Hindi,12:05,Premium,180₹,294,12
Gujarat,Rajkot,InoxRelianceMegaMallRajkot,Hindi,12:05,Royal,230₹,49,47
Gujarat,Rajkot,InoxRelianceMegaMallRajkot,Hindi,12:05,Club,180₹,72,22
Gujarat,Rajkot,InoxRelianceMegaMallRajkot,Hindi,12:05,Executive,160₹,24,0
Gujarat,Nadiad,InoxOpalOneMallNadiad,Hindi,12:05,RoyalRecliners,190₹,15,2
Gujarat,Nadiad,InoxOpalOneMallNadiad,Hindi,12:05,Royal,112₹,34,10
Gujarat,Nadiad,InoxOpalOneMallNadiad,Hindi,12:05,Club,100₹,51,2
Gujarat,Nadiad,InoxOpalOneMallNadiad,Hindi,12:05,Executive,90₹,34,0
Haryana,Rohtak,CitiMaxCinemasRohtak,Hindi,12:10,Silver,140₹,66,0
Haryana,Rohtak,CitiMaxCinemasRohtak,Hindi,12:10,Gold,160₹,102,7
Haryana,Rohtak,CitiMaxCinemasRohtak,Hindi,12:10,Diamond,200₹,16,0
Haryana,Rohtak,CitiMaxCinemasRohtak,Hindi,12:10,Platinum,400₹,9,0
Gujarat,Surat,InoxDrWorldSurat,Hindi,12:15,Club,140₹,63,2
Gujarat,Surat,InoxDrWorldSurat,Hindi,12:15,Executive,140₹,46,1
Gujarat,Surat,InoxDrWorldSurat,Hindi,12:15,Royal,140₹,83,23
HimachalPradesh,Bilaspur,36CityMallBilaspur,Hindi,12:15,Premium,140₹,36,0
HimachalPradesh,Bilaspur,36CityMallBilaspur,Hindi,12:15,Gold,140₹,102,23
HimachalPradesh,Bilaspur,36CityMallBilaspur,Hindi,12:15,Recliner,400₹,15,7
Maharashtra,Malegaon,CinemaxMalegaon,Hindi,12:15,Classic,100₹,32,0
Maharashtra,Malegaon,CinemaxMalegaon,Hindi,12:15,ClassicPlus,110₹,119,0
Maharashtra,Malegaon,CinemaxMalegaon,Hindi,12:15,Prime,110₹,130,0
Rajasthan,Kota,InoxAhluwaliasGreatMallKota,Hindi,12:15,Club,140₹,93,4
Rajasthan,Kota,InoxAhluwaliasGreatMallKota,Hindi,12:15,Executive,140₹,45,0
Rajasthan,Kota,InoxAhluwaliasGreatMallKota,Hindi,12:15,Royale,140₹,46,21
Rajasthan,Jaipur,InoxCrystalPalmCScheme,Hindi,12:15,Royal,220₹,17,12
Rajasthan,Jaipur,InoxCrystalPalmCScheme,Hindi,12:15,Club,200₹,127,6
Rajasthan,Jaipur,InoxCrystalPalmCScheme,Hindi,12:15,Executive,180₹,57,0
Chhattisgarh,Rajnandgaon,EosSilverScreenMultiplexRajnandgaon,Hindi,12:15,Platinum,120₹,79,0
UttarPradesh,Moradabad,WaveMoradabad,Hindi,12:15,Classic,100₹,207,65
Gujarat,Surat,TheFridayCinemaMotaVaracchaSurat,Hindi,12:15,Recliner,250₹,9,0
Gujarat,Surat,TheFridayCinemaMotaVaracchaSurat,Hindi,12:15,PushBackSeat,150₹,63,2
Gujarat,Surat,TheFridayCinemaMotaVaracchaSurat,Hindi,12:15,Lounger,150₹,11,0
Goa,Goa,InoxOsiaAWingMargaoGoa,Hindi,12:15,RoyalRecliner,250₹,11,9
Goa,Goa,InoxOsiaAWingMargaoGoa,Hindi,12:15,Royal,210₹,43,11
Goa,Goa,InoxOsiaAWingMargaoGoa,Hindi,12:15,Club,190₹,26,8
Goa,Goa,InoxOsiaAWingMargaoGoa,Hindi,12:15,Executive,160₹,22,0
Gujarat,Valsad,CineParkValsad,Hindi,12:15,Recliner,200₹,18,4
Gujarat,Valsad,CineParkValsad,Hindi,12:15,Gold,110₹,200,4
Gujarat,Valsad,CineParkValsad,Hindi,12:15,Executive,110₹,120,0
Gujarat,Valsad,CineParkValsad,Hindi,12:15,Special,110₹,60,0
Jharkhand,Ranchi,SujataPicturePalaceRanchi,Hindi,12:15,Gold,70₹,80,0
Jharkhand,Ranchi,SujataPicturePalaceRanchi,Hindi,12:15,Premium,100₹,20,4
Gujarat,Anjar,CarnivalJalsaTalkiesAnjar,Hindi,12:15,Silver,110₹,70,3
Gujarat,Anjar,CarnivalJalsaTalkiesAnjar,Hindi,12:15,Gold,150₹,36,29
Gujarat,Anjar,CarnivalJalsaTalkiesAnjar,Hindi,12:15,Sofa,250₹,11,0
Bihar,Muzaffarpur,ShyamTalkiesCineGalaxyMuzaffarpur,Hindi,12:15,Deluxe,300₹,22,0
Bihar,Muzaffarpur,ShyamTalkiesCineGalaxyMuzaffarpur,Hindi,12:15,Executive,200₹,30,11
Bihar,Muzaffarpur,ShyamTalkiesCineGalaxyMuzaffarpur,Hindi,12:15,Gold,150₹,169,4
UttarPradesh,Lucknow,InoxPhoenixPalassioMallLucknow,Hindi,12:15,RoyaleRecliners,450₹,14,6
UttarPradesh,Lucknow,InoxPhoenixPalassioMallLucknow,Hindi,12:15,Royale,230₹,68,16
UttarPradesh,Lucknow,InoxPhoenixPalassioMallLucknow,Hindi,12:15,Club,210₹,112,2
UttarPradesh,Lucknow,InoxPhoenixPalassioMallLucknow,Hindi,12:15,Executive,200₹,26,0
MadhyaPradesh,Ujjain,PvrTreasureBazaarMallUjjain,Hindi,12:15,Classic,150₹,33,0
MadhyaPradesh,Ujjain,PvrTreasureBazaarMallUjjain,Hindi,12:15,ClassicPlus,180₹,33,0
MadhyaPradesh,Ujjain,PvrTreasureBazaarMallUjjain,Hindi,12:15,Prime,180₹,122,22
UttarPradesh,Aligarh,SeemaPsMultiplexAligarh,Hindi,12:15,Platinum,110₹,179,0
UttarPradesh,Muzaffarnagar,MayaMultiplexMuzaffarnagar,Hindi,12:15,Platinum,150₹,45,8
UttarPradesh,Muzaffarnagar,MayaMultiplexMuzaffarnagar,Hindi,12:15,Gold,120₹,167,10
UttarPradesh,Muzaffarnagar,MayaMultiplexMuzaffarnagar,Hindi,12:15,Silver,100₹,48,0
UttarPradesh,NationalCapitalRegionNcr,PvrPiyushMahendraFaridabad,Hindi,12:15,Classic,130₹,30,0
UttarPradesh,NationalCapitalRegionNcr,PvrPiyushMahendraFaridabad,Hindi,12:15,ClassicPlus,170₹,114,22
UttarPradesh,NationalCapitalRegionNcr,PvrPiyushMahendraFaridabad,Hindi,12:15,Prime,210₹,43,0
MadhyaPradesh,Indore,FortuneCinemaMhow,Hindi,12:15,Vip,300₹,8,0
MadhyaPradesh,Indore,FortuneCinemaMhow,Hindi,12:15,SkyBox,200₹,12,6
MadhyaPradesh,Indore,FortuneCinemaMhow,Hindi,12:15,Platinum,100₹,67,6
MadhyaPradesh,Indore,FortuneCinemaMhow,Hindi,12:15,Gold,100₹,75,0
MadhyaPradesh,Indore,FortuneCinemaMhow,Hindi,12:15,Silver,100₹,30,0
Uttarakhand,Haridwar,WavePentagonMallHaridwarSidcul,Hindi,12:15,Classic,150₹,201,52
Gujarat,Vadodara,PvrDeepVadodara,Hindi,12:15,Classic,120₹,76,14
Gujarat,Vadodara,PvrDeepVadodara,Hindi,12:15,Prime,120₹,80,0
Gujarat,Vadodara,PvrDeepVadodara,Hindi,12:15,PrimePlus,120₹,116,20
UttarPradesh,NationalCapitalRegionNcr,WaveCinemasGaurCentralMallRdc,Hindi,12:15,Classic,200₹,215,14
MadhyaPradesh,Betul,RajtilakMultiscreenBetul,Hindi,12:15,Box,150₹,6,0
MadhyaPradesh,Betul,RajtilakMultiscreenBetul,Hindi,12:15,Gold,100₹,46,0
MadhyaPradesh,Betul,RajtilakMultiscreenBetul,Hindi,12:15,Silver,70₹,33,0
Gujarat,Jamnagar,InoxCrystalMallJamnagar,Hindi,12:15,Club,160₹,116,5
Gujarat,Jamnagar,InoxCrystalMallJamnagar,Hindi,12:15,Royal,160₹,44,16
Gujarat,Jamnagar,InoxCrystalMallJamnagar,Hindi,12:15,Executive,130₹,20,0
MadhyaPradesh,Singrauli,CarnivalCinemasKachniWaidhanSingrauli,Hindi,12:15,Silver,110₹,33,0
MadhyaPradesh,Singrauli,CarnivalCinemasKachniWaidhanSingrauli,Hindi,12:15,Gold,150₹,74,20
MadhyaPradesh,Singrauli,CarnivalCinemasKachniWaidhanSingrauli,Hindi,12:15,Platinum,200₹,10,3
Gujarat,Ahmedabad,CinemaxShivAhmedabad,Hindi,12:15,Prime,150₹,64,20
Rajasthan,SriGanganagar,PvrRidhiSidhiMallSriGanganagar,Hindi,12:15,Classic,160₹,39,0
Rajasthan,SriGanganagar,PvrRidhiSidhiMallSriGanganagar,Hindi,12:15,Prime,170₹,108,17
Maharashtra,Washim,H2MMovieplexWashim,Hindi,12:15,Sofa,220₹,21,0
Maharashtra,Washim,H2MMovieplexWashim,Hindi,12:15,Platinum,190₹,60,3
Maharashtra,Washim,H2MMovieplexWashim,Hindi,12:15,Gold,160₹,96,4
Maharashtra,Washim,H2MMovieplexWashim,Hindi,12:15,Silver,110₹,52,0
UttarPradesh,Agra,VimalCineplexAgra,Hindi,12:15,Gold,150₹,36,2
UttarPradesh,Agra,VimalCineplexAgra,Hindi,12:15,Ebony,400₹,23,0
UttarPradesh,Agra,VimalCineplexAgra,Hindi,12:15,Silver,100₹,6,0
UttarPradesh,Kanpur,PvrSouthXMallKanpur,Hindi,12:20,Classic,100₹,38,2
UttarPradesh,Kanpur,PvrSouthXMallKanpur,Hindi,12:20,Prime,112₹,200,51
UttarPradesh,Kanpur,PvrSouthXMallKanpur,Hindi,12:20,Recliner,240₹,13,12
UttarPradesh,Saharanpur,RrCinemaDolbyAtmosSoundSaharanpur,Hindi,12:20,Classic,150₹,81,0
UttarPradesh,Saharanpur,RrCinemaDolbyAtmosSoundSaharanpur,Hindi,12:20,Executive,150₹,171,6
UttarPradesh,Saharanpur,RrCinemaDolbyAtmosSoundSaharanpur,Hindi,12:20,Gold,300₹,24,10
Jharkhand,Jamshedpur,PjpCinepolisJamshedpur,Hindi,12:20,Normal,220₹,26,0
Jharkhand,Jamshedpur,PjpCinepolisJamshedpur,Hindi,12:20,Executive,240₹,26,2
Jharkhand,Jamshedpur,PjpCinepolisJamshedpur,Hindi,12:20,Premium,260₹,68,19
WestBengal,Kolkata,InoxForumRangoliMallBelur,Hindi,12:20,Club,150₹,170,33
WestBengal,Kolkata,InoxForumRangoliMallBelur,Hindi,12:20,Executive,150₹,69,2
Chhattisgarh,Korba,ChitraMultiplex2KDolbySurround71Korba,Hindi,12:20,Classic,100₹,44,0
Chhattisgarh,Korba,ChitraMultiplex2KDolbySurround71Korba,Hindi,12:20,Premium,150₹,118,0
Chhattisgarh,Korba,ChitraMultiplex2KDolbySurround71Korba,Hindi,12:20,Executive,150₹,95,0
Chhattisgarh,Korba,ChitraMultiplex2KDolbySurround71Korba,Hindi,12:20,Sofa,200₹,19,0
Chhattisgarh,Champa,MukundSMultiplexChampa,Hindi,12:20,Silver,80₹,72,0
Chhattisgarh,Champa,MukundSMultiplexChampa,Hindi,12:20,Golden,100₹,72,0
Chhattisgarh,Champa,MukundSMultiplexChampa,Hindi,12:20,Platinum,140₹,72,0
Chhattisgarh,Champa,MukundSMultiplexChampa,Hindi,12:20,Royal,180₹,69,0
Rajasthan,Kota,FunCinemasCityMallKota,Hindi,12:20,Normal,140₹,60,8
Rajasthan,Kota,FunCinemasCityMallKota,Hindi,12:20,Executive,140₹,225,19
Chhattisgarh,Jagdalpur,CinePlusMultiplexJagdalpur,Hindi,12:25,Platinum,150₹,44,0
Chhattisgarh,Jagdalpur,CinePlusMultiplexJagdalpur,Hindi,12:25,Gold,130₹,98,0
Chhattisgarh,Jagdalpur,CinePlusMultiplexJagdalpur,Hindi,12:25,Silver,100₹,42,0
Rajasthan,Ajmer,MayaMandirMultiplexDolbyAtmosSoundAjmer,Hindi,12:30,Club,150₹,40,2
Rajasthan,Ajmer,MayaMandirMultiplexDolbyAtmosSoundAjmer,Hindi,12:30,Premium,130₹,68,0
Rajasthan,Ajmer,MayaMandirMultiplexDolbyAtmosSoundAjmer,Hindi,12:30,Classic,110₹,92,0
UttarPradesh,NationalCapitalRegionNcr,MirajCinemasSubhashNagar,Hindi,12:30,Silver,170₹,32,0
UttarPradesh,NationalCapitalRegionNcr,MirajCinemasSubhashNagar,Hindi,12:30,Club,170₹,164,24
UttarPradesh,Hapur,NyCinemaOmPalaceHapur,Hindi,12:30,Premium,250₹,18,7
UttarPradesh,Hapur,NyCinemaOmPalaceHapur,Hindi,12:30,Platinum,160₹,208,0
UttarPradesh,Hapur,NyCinemaOmPalaceHapur,Hindi,12:30,Gold,130₹,104,0
UttarPradesh,Ghazipur,NyCinemasSuhasiniTheatreGhazipur,Hindi,12:30,Platinum,170₹,123,10
UttarPradesh,Ghazipur,NyCinemasSuhasiniTheatreGhazipur,Hindi,12:30,Gold,150₹,32,0
WestBengal,Kolkata,MirajCinemasNewtownKolkata,Hindi,12:30,Executive,190₹,85,4
WestBengal,Kolkata,MirajCinemasNewtownKolkata,Hindi,12:30,Recliner,320₹,23,0
WestBengal,Kolkata,MirajCinemasNewtownKolkata,Hindi,12:30,Special,170₹,51,0
MadhyaPradesh,Bhopal,CinepolisDbMallBhopal,Hindi,12:30,Normal,190₹,60,0
MadhyaPradesh,Bhopal,CinepolisDbMallBhopal,Hindi,12:30,Executive,190₹,106,29
UttarPradesh,NationalCapitalRegionNcr,NyCinemaSonicWorldMallGreaterNoida,Hindi,12:30,Ebony,150₹,10,0
UttarPradesh,NationalCapitalRegionNcr,NyCinemaSonicWorldMallGreaterNoida,Hindi,12:30,Premium,130₹,108,0
UttarPradesh,NationalCapitalRegionNcr,NyCinemaSonicWorldMallGreaterNoida,Hindi,12:30,Executive,100₹,24,0
Gujarat,Vadodara,CinemarcAkotaVadodara,Hindi,12:30,Silver,80₹,72,2
Gujarat,Vadodara,CinemarcAkotaVadodara,Hindi,12:30,Premier,80₹,15,0
Gujarat,Vadodara,CinemarcAkotaVadodara,Hindi,12:30,Sofa,90₹,38,14
Chhattisgarh,Durg,TarunLvCinemasDurg,Hindi,12:30,Platinum,150₹,46,0
Chhattisgarh,Durg,TarunLvCinemasDurg,Hindi,12:30,Gold,120₹,99,2
Chhattisgarh,Durg,TarunLvCinemasDurg,Hindi,12:30,Silver,100₹,32,0
Maharashtra,Mumbai,G7MultiplexBandraW,Hindi,12:30,Special,150₹,38,13
Maharashtra,Mumbai,G7MultiplexBandraW,Hindi,12:30,DressCircle,150₹,9,7
MadhyaPradesh,Satna,ImusicaEntertainmentsSatna,Hindi,12:30,Gold,90₹,38,2
MadhyaPradesh,Satna,ImusicaEntertainmentsSatna,Hindi,12:30,RedCarpet,110₹,112,5
MadhyaPradesh,Satna,ImusicaEntertainmentsSatna,Hindi,12:30,Royal,200₹,11,0
Chandigarh,Meerut,NySatyamCinemaMeerut,Hindi,12:30,Premium,180₹,179,2
Chandigarh,Meerut,NySatyamCinemaMeerut,Hindi,12:30,Executive,150₹,92,0
Chandigarh,Meerut,NySatyamCinemaMeerut,Hindi,12:30,Normal,110₹,46,0
Jharkhand,Ranchi,PopkornCinemasGalaxiaMallRanchi,Hindi,12:30,Club,200₹,12,0
Jharkhand,Ranchi,PopkornCinemasGalaxiaMallRanchi,Hindi,12:30,Premium,110₹,114,10
Jharkhand,Ranchi,PopkornCinemasGalaxiaMallRanchi,Hindi,12:30,Gold,90₹,78,2
Jharkhand,Ranchi,PopkornCinemasGalaxiaMallRanchi,Hindi,12:30,Silver,70₹,38,0
Chhattisgarh,Korba,NiharikaCinema2KLaserDolby71SoundKorba,Hindi,12:30,Silver,100₹,50,0
Chhattisgarh,Korba,NiharikaCinema2KLaserDolby71SoundKorba,Hindi,12:30,Gold,150₹,191,2
Chhattisgarh,Korba,NiharikaCinema2KLaserDolby71SoundKorba,Hindi,12:30,Platinum,200₹,66,0
Gujarat,Anand,DiyaCinemaAnand,Hindi,12:30,Sofa,200₹,16,6
Gujarat,Anand,DiyaCinemaAnand,Hindi,12:30,Platinum,130₹,83,0
Gujarat,Himmatnagar,NewStarCityMultiplexHimmatnagar,Hindi,12:30,Platinum,200₹,26,0
Gujarat,Himmatnagar,NewStarCityMultiplexHimmatnagar,Hindi,12:30,Gold,150₹,182,1
Gujarat,Himmatnagar,NewStarCityMultiplexHimmatnagar,Hindi,12:30,Silver,100₹,60,0
Rajasthan,Jaipur,GolchaCinemaJaipur,Hindi,12:30,RoyalBox,150₹,94,24
Rajasthan,Jaipur,GolchaCinemaJaipur,Hindi,12:30,Excutive,110₹,160,28
UttarPradesh,Baraut,ImusicaEntertainmentBaraut,Hindi,12:30,Gold,110₹,57,0
UttarPradesh,Baraut,ImusicaEntertainmentBaraut,Hindi,12:30,Redcarpet,160₹,120,2
UttarPradesh,Baraut,ImusicaEntertainmentBaraut,Hindi,12:30,Royal,280₹,11,0
Punjab,Amritsar,InoxVrAmbarsarAmritsar,Hindi,12:30,Normal,130₹,267,33
MadhyaPradesh,Indore,InoxC21Mall,Hindi,12:30,Royal,310₹,14,9
MadhyaPradesh,Indore,InoxC21Mall,Hindi,12:30,Club,290₹,150,16
MadhyaPradesh,Indore,InoxC21Mall,Hindi,12:30,Executive,280₹,24,1
MadhyaPradesh,Gwalior,InoxDbMallGwalior,Hindi,12:30,RoyaleRecliners,280₹,10,8
MadhyaPradesh,Gwalior,InoxDbMallGwalior,Hindi,12:30,Royale,220₹,75,20
MadhyaPradesh,Gwalior,InoxDbMallGwalior,Hindi,12:30,Club,210₹,72,0
MadhyaPradesh,Gwalior,InoxDbMallGwalior,Hindi,12:30,Executive,180₹,24,0
Haryana,Palwal,RedRocksCinemaPalwal,Hindi,12:30,Silver,110₹,67,0
Haryana,Palwal,RedRocksCinemaPalwal,Hindi,12:30,Gold,150₹,146,5
Haryana,Palwal,RedRocksCinemaPalwal,Hindi,12:30,Platinum,200₹,67,0
UttarPradesh,NationalCapitalRegionNcr,CinepolisTheEsplanadeGurugram,Hindi,12:30,Normal,99₹,20,0
UttarPradesh,NationalCapitalRegionNcr,CinepolisTheEsplanadeGurugram,Hindi,12:30,Executive,99₹,48,0
UttarPradesh,NationalCapitalRegionNcr,CinepolisTheEsplanadeGurugram,Hindi,12:30,Premium,99₹,82,5
Maharashtra,Amravati,EOrbitMultiplexAmravati,Hindi,12:30,Platinum,150₹,210,42
Maharashtra,Amravati,EOrbitMultiplexAmravati,Hindi,12:30,Gold,150₹,51,0
Chhattisgarh,Ambikapur,JcmMultiplexAmbikapur,Hindi,12:30,Recliners,350₹,24,0
Chhattisgarh,Ambikapur,JcmMultiplexAmbikapur,Hindi,12:30,Diamond,200₹,96,2
Chhattisgarh,Ambikapur,JcmMultiplexAmbikapur,Hindi,12:30,Gold,150₹,52,0
Chhattisgarh,Ambikapur,JcmMultiplexAmbikapur,Hindi,12:30,Silver,100₹,26,0
Rajasthan,Jaipur,InoxGtCentralMallJaipur,Hindi,12:35,Insignia,600₹,35,5
Rajasthan,Jaipur,CinepolisTritonMegaMallJaipur,Hindi,12:35,Normal,140₹,34,0
Rajasthan,Jaipur,CinepolisTritonMegaMallJaipur,Hindi,12:35,Executive,170₹,131,41
Gujarat,Surat,ValentineMultiplexDolbyAtmosSurat,Hindi,12:35,Executive,140₹,130,27
Gujarat,Surat,ValentineMultiplexDolbyAtmosSurat,Hindi,12:35,Royal,120₹,105,0
Orissa,Sambalpur,EylexCinemasCityCenterMall,Hindi,12:35,Gold,100₹,41,0
Orissa,Sambalpur,EylexCinemasCityCenterMall,Hindi,12:35,Platinum,100₹,135,50
Orissa,Sambalpur,EylexCinemasCityCenterMall,Hindi,12:35,Silver,100₹,28,0
Gujarat,Gandhinagar,InoxR16Gandhinagar,Hindi,12:35,Platinum,190₹,8,2
Gujarat,Gandhinagar,InoxR16Gandhinagar,Hindi,12:35,Gold,140₹,99,10
Gujarat,Gandhinagar,InoxR16Gandhinagar,Hindi,12:35,Silver,100₹,16,2
UttarPradesh,NationalCapitalRegionNcr,CinepolisPacificNsp2Delhi,Hindi,12:35,Normal,300₹,77,0
UttarPradesh,NationalCapitalRegionNcr,CinepolisPacificNsp2Delhi,Hindi,12:35,Executive,320₹,96,11
UttarPradesh,NationalCapitalRegionNcr,CinepolisPacificNsp2Delhi,Hindi,12:35,Vip,460₹,11,10
UttarPradesh,Agra,SarvCinemasAgra,Hindi,12:35,SofaChair,300₹,8,0
UttarPradesh,Agra,SarvCinemasAgra,Hindi,12:35,PrimeSofa,150₹,20,2
UttarPradesh,Agra,SarvCinemasAgra,Hindi,12:35,Gold,100₹,80,3
Maharashtra,Nanded,PvrTreasureBazaarMallNanded,Hindi,12:35,Classic,110₹,70,3
Maharashtra,Nanded,PvrTreasureBazaarMallNanded,Hindi,12:35,Prime,130₹,100,2
Maharashtra,Nanded,PvrTreasureBazaarMallNanded,Hindi,12:35,PrimePlus,150₹,81,6
UttarPradesh,NationalCapitalRegionNcr,PvrEcxChanakyapuriDelhi,Hindi,12:40,Classic,350₹,44,0
UttarPradesh,NationalCapitalRegionNcr,PvrEcxChanakyapuriDelhi,Hindi,12:40,Prime,400₹,189,9
UttarPradesh,NationalCapitalRegionNcr,PvrEcxChanakyapuriDelhi,Hindi,12:40,PrimePlus,450₹,61,5
UttarPradesh,NationalCapitalRegionNcr,InoxAiplJoyStreetGurgaon,Hindi,12:40,Club,180₹,61,0
UttarPradesh,NationalCapitalRegionNcr,InoxAiplJoyStreetGurgaon,Hindi,12:40,Royale,180₹,55,16
UttarPradesh,NationalCapitalRegionNcr,InoxAiplJoyStreetGurgaon,Hindi,12:40,Executive,160₹,22,0
MadhyaPradesh,Bhopal,InoxCapitalMallBhopal,Hindi,12:40,Club,130₹,185,1
MadhyaPradesh,Bhopal,InoxCapitalMallBhopal,Hindi,12:40,Executive,130₹,30,0
MadhyaPradesh,Bhopal,InoxCapitalMallBhopal,Hindi,12:40,Royal,130₹,63,8
UttarPradesh,Gorakhpur,AdCinemasGorakhpur,Hindi,12:40,Gold,112₹,20,0
UttarPradesh,Gorakhpur,AdCinemasGorakhpur,Hindi,12:40,Diamond,112₹,23,6
UttarPradesh,Gorakhpur,AdCinemasGorakhpur,Hindi,12:40,Platinum,112₹,64,35
Haryana,Yamunanagar,DimpleCineplexYamunaNagar,Hindi,12:40,Recliner,150₹,12,0
Haryana,Yamunanagar,DimpleCineplexYamunaNagar,Hindi,12:40,Gold,99₹,146,2
Haryana,Yamunanagar,DimpleCineplexYamunaNagar,Hindi,12:40,Silver,99₹,72,0
WestBengal,Siliguri,InoxCityCentreSiliguri,Hindi,12:40,Royale,250₹,15,11
WestBengal,Siliguri,InoxCityCentreSiliguri,Hindi,12:40,Club,220₹,192,20
WestBengal,Siliguri,InoxCityCentreSiliguri,Hindi,12:40,Executive,200₹,32,0
MadhyaPradesh,Bhopal,MuktaA2CinemasPeoplesMallBhopal,Hindi,12:45,Premium,160₹,21,18
MadhyaPradesh,Bhopal,MuktaA2CinemasPeoplesMallBhopal,Hindi,12:45,Gold,112₹,80,13
MadhyaPradesh,Bhopal,MuktaA2CinemasPeoplesMallBhopal,Hindi,12:45,Silver,112₹,30,0
UttarPradesh,Jhansi,KhilonaCinemaJhansi,Hindi,12:45,Recliner,500₹,20,0
UttarPradesh,Jhansi,KhilonaCinemaJhansi,Hindi,12:45,Premium,250₹,164,0
Gujarat,Vadodara,InoxTakshGalaxyMallWaghodia,Hindi,12:45,Club,150₹,36,0
Gujarat,Vadodara,InoxTakshGalaxyMallWaghodia,Hindi,12:45,Executive,150₹,27,0
Gujarat,Vadodara,InoxTakshGalaxyMallWaghodia,Hindi,12:45,Royal,150₹,95,11
UttarPradesh,Lucknow,WaveTheWaveMallLucknow,Hindi,12:45,Classic,150₹,128,4
UttarPradesh,Lucknow,WaveTheWaveMallLucknow,Hindi,12:45,Premium,170₹,100,76
Gujarat,Vadodara,PvrEvaMallVadodara,Hindi,12:45,Classic,150₹,47,0
Gujarat,Vadodara,PvrEvaMallVadodara,Hindi,12:45,Prime,150₹,64,0
Gujarat,Vadodara,PvrEvaMallVadodara,Hindi,12:45,PrimePlus,150₹,65,10
Gujarat,Anand,InoxAnandCityPulseMall,Hindi,12:45,Gold,120₹,52,6
Goa,Goa,InoxPorvorimGoa,Hindi,12:45,RoyalRecliner,330₹,13,8
Goa,Goa,InoxPorvorimGoa,Hindi,12:45,Royal,220₹,63,19
Goa,Goa,InoxPorvorimGoa,Hindi,12:45,Club,200₹,110,3
Goa,Goa,InoxPorvorimGoa,Hindi,12:45,Executive,180₹,34,0
Gujarat,Ahmedabad,19CinemaNarolAhmedabad,Hindi,12:45,Platinum,140₹,21,0
Gujarat,Ahmedabad,19CinemaNarolAhmedabad,Hindi,12:45,Gold,100₹,38,0
Gujarat,Ahmedabad,19CinemaNarolAhmedabad,Hindi,12:45,Silver,100₹,18,0
Chhattisgarh,Raigarh,RkMoviezRaigarh,Hindi,12:45,Classic,100₹,33,0
Chhattisgarh,Raigarh,RkMoviezRaigarh,Hindi,12:45,Silver,120₹,44,0
Chhattisgarh,Raigarh,RkMoviezRaigarh,Hindi,12:45,Prime,150₹,55,0
Chhattisgarh,Raigarh,RkMoviezRaigarh,Hindi,12:45,Gold,300₹,7,0
Maharashtra,Nagpur,MovieMaxEternityNagpur,Hindi,12:45,Classic,100₹,44,8
Maharashtra,Nagpur,MovieMaxEternityNagpur,Hindi,12:45,Prime,110₹,92,4
Maharashtra,Nagpur,MovieMaxEternityNagpur,Hindi,12:45,PrimePlus,150₹,164,20
Maharashtra,Nagpur,MovieMaxEternityNagpur,Hindi,12:45,Recliner,200₹,20,12
Gujarat,Ahmedabad,RajhansCinemasVastral,Hindi,12:45,Recliner,250₹,17,6
Gujarat,Ahmedabad,RajhansCinemasVastral,Hindi,12:45,Executive,150₹,103,21
Gujarat,Ahmedabad,RajhansCinemasVastral,Hindi,12:45,Royal,130₹,28,3
Gujarat,Ahmedabad,RajhansCinemasVastral,Hindi,12:45,Marvel,110₹,24,0
Rajasthan,Jaipur,FirstCinemaJaipur,Hindi,12:45,Club,110₹,144,16
Rajasthan,Jaipur,FirstCinemaJaipur,Hindi,12:45,Gold,110₹,48,32
Rajasthan,Jaipur,FirstCinemaJaipur,Hindi,12:45,Lounge,300₹,17,5
MadhyaPradesh,Ratlam,NyCinemasAnandBigMallRatlam,Hindi,12:45,Ebony,250₹,26,2
MadhyaPradesh,Ratlam,NyCinemasAnandBigMallRatlam,Hindi,12:45,Executive,150₹,64,0
MadhyaPradesh,Ratlam,NyCinemasAnandBigMallRatlam,Hindi,12:45,Premium,150₹,136,2
Maharashtra,Mumbai,MaxusCinemasBhayander,Hindi,12:45,Recliners,199₹,24,4
Maharashtra,Mumbai,MaxusCinemasBhayander,Hindi,12:45,Sofa,149₹,46,7
Maharashtra,Mumbai,MaxusCinemasBhayander,Hindi,12:45,PremiumPlus,112₹,208,12
Maharashtra,Mumbai,MaxusCinemasBhayander,Hindi,12:45,Premium,112₹,64,1
Maharashtra,Mumbai,MaxusCinemasBhayander,Hindi,12:45,Lounger,112₹,16,0
UttarPradesh,Gangoh,ChaudharySsMultiplexGangoh,Hindi,12:45,Silver,110₹,69,0
UttarPradesh,Gangoh,ChaudharySsMultiplexGangoh,Hindi,12:45,Gold,150₹,66,0
UttarPradesh,Gangoh,ChaudharySsMultiplexGangoh,Hindi,12:45,Platinum,180₹,14,0
Maharashtra,Mumbai,InoxRaghuleelaMallKandivaliW,Hindi,12:50,Gold,180₹,335,47
Maharashtra,Mumbai,InoxRaghuleelaMallKandivaliW,Hindi,12:50,Premiere,180₹,82,0
UttarPradesh,NationalCapitalRegionNcr,InoxSapphire90MallGurugram,Hindi,12:50,RoyaleRecliner,340₹,11,8
UttarPradesh,NationalCapitalRegionNcr,InoxSapphire90MallGurugram,Hindi,12:50,Club,230₹,76,0
UttarPradesh,NationalCapitalRegionNcr,InoxSapphire90MallGurugram,Hindi,12:50,Royale,230₹,42,13
UttarPradesh,NationalCapitalRegionNcr,InoxSapphire90MallGurugram,Hindi,12:50,Executive,210₹,32,0
UttarPradesh,NationalCapitalRegionNcr,CinepolisSmartBharatMallFormerlySpiceMall,Hindi,12:50,Premium,200₹,123,28
UttarPradesh,NationalCapitalRegionNcr,CinepolisSmartBharatMallFormerlySpiceMall,Hindi,12:50,Classic,200₹,75,0
WestBengal,Kolkata,PvrDiamondPlazaJessoreKolkata,Hindi,12:50,Classic,230₹,176,4
WestBengal,Kolkata,PvrDiamondPlazaJessoreKolkata,Hindi,12:50,Prime,270₹,12,5
WestBengal,Kolkata,PvrDiamondPlazaJessoreKolkata,Hindi,12:50,Recliner,450₹,14,0
Haryana,Chandigarh,CinepolisBestechSquareMohali,Hindi,12:50,Normal,140₹,26,0
Haryana,Chandigarh,CinepolisBestechSquareMohali,Hindi,12:50,Executive,140₹,69,4
Haryana,Chandigarh,CinepolisBestechSquareMohali,Hindi,12:50,Premium,140₹,47,4
Haryana,Chandigarh,CinepolisBestechSquareMohali,Hindi,12:50,Vip,300₹,10,3
UttarPradesh,Lucknow,CinepolisOneAwadhCentreLucknow,Hindi,12:50,Normal,160₹,29,1
UttarPradesh,Lucknow,CinepolisOneAwadhCentreLucknow,Hindi,12:50,Executive,180₹,78,3
UttarPradesh,Lucknow,CinepolisOneAwadhCentreLucknow,Hindi,12:50,Premium,200₹,54,16
UttarPradesh,Lucknow,CinepolisOneAwadhCentreLucknow,Hindi,12:50,Vip,450₹,19,7
UttarPradesh,NationalCapitalRegionNcr,WaveNoida,Hindi,12:50,Classic,200₹,206,80
Punjab,Ludhiana,CinepolisMbdNeopolisMallLudhiana,Hindi,12:55,Normal,150₹,51,0
Punjab,Ludhiana,CinepolisMbdNeopolisMallLudhiana,Hindi,12:55,Executive,150₹,68,0
Punjab,Ludhiana,CinepolisMbdNeopolisMallLudhiana,Hindi,12:55,Premium,150₹,117,33
Punjab,Ludhiana,CinepolisMbdNeopolisMallLudhiana,Hindi,12:55,Vip,250₹,13,11
Haryana,Rohtak,InoxSkytechMall,Hindi,12:55,Royale,160₹,49,11
Haryana,Rohtak,InoxSkytechMall,Hindi,12:55,Club,140₹,72,6
Haryana,Rohtak,InoxSkytechMall,Hindi,12:55,Executive,110₹,51,0
Jharkhand,Dhanbad,InoxCinemasDhanbad,Hindi,12:55,Executive,140₹,129,41
Jharkhand,Dhanbad,InoxCinemasDhanbad,Hindi,12:55,Silver,140₹,73,6
Jharkhand,Dhanbad,InoxCinemasDhanbad,Hindi,12:55,Premier,130₹,39,0
MadhyaPradesh,Rewa,RoyalCinemasRewa,Hindi,12:55,Box,500₹,4,0
MadhyaPradesh,Rewa,RoyalCinemasRewa,Hindi,12:55,Recliner,400₹,18,0
MadhyaPradesh,Rewa,RoyalCinemasRewa,Hindi,12:55,Sofa,250₹,13,2
MadhyaPradesh,Rewa,RoyalCinemasRewa,Hindi,12:55,Platinum,140₹,64,2
MadhyaPradesh,Rewa,RoyalCinemasRewa,Hindi,12:55,Gold,120₹,57,4
MadhyaPradesh,Rewa,RoyalCinemasRewa,Hindi,12:55,Silver,100₹,38,1
Uttarakhand,Dehradun,SilverCityMultiplexRajpurRoad,Hindi,13:00,Silver,150₹,60,3
Uttarakhand,Dehradun,SilverCityMultiplexRajpurRoad,Hindi,13:00,Gold,200₹,119,32
Uttarakhand,Dehradun,SilverCityMultiplexRajpurRoad,Hindi,13:00,Recliner,400₹,15,7
UttarPradesh,NationalCapitalRegionNcr,DhishoomCinemasEntertainlandSector83Gurugram,Hindi,13:00,Silver,110₹,24,0
UttarPradesh,NationalCapitalRegionNcr,DhishoomCinemasEntertainlandSector83Gurugram,Hindi,13:00,Gold,110₹,52,6
UttarPradesh,NationalCapitalRegionNcr,DhishoomCinemasEntertainlandSector83Gurugram,Hindi,13:00,Platinum,110₹,22,12
MadhyaPradesh,Indore,InoxNexusIndoreCentralMallRegalSquare,Hindi,13:00,Insignia,400₹,31,2
UttarPradesh,Lucknow,InoxEmeraldMallLucknow,Hindi,13:00,Royale,180₹,83,15
UttarPradesh,Lucknow,InoxEmeraldMallLucknow,Hindi,13:00,Club,170₹,70,0
UttarPradesh,Lucknow,InoxEmeraldMallLucknow,Hindi,13:00,Executive,160₹,28,0
Gujarat,Ahmedabad,CityGoldBopal,Hindi,13:00,Executive,150₹,115,28
Rajasthan,Bhiwadi,InoxBhiwadiGenesisMall,Hindi,13:00,Royale,190₹,51,17
Rajasthan,Bhiwadi,InoxBhiwadiGenesisMall,Hindi,13:00,Club,170₹,103,6
Rajasthan,Bhiwadi,InoxBhiwadiGenesisMall,Hindi,13:00,Executive,150₹,39,0
Maharashtra,Mumbai,PvrOdeonMallGhatkopar,Hindi,13:00,Classic,130₹,27,0
Maharashtra,Mumbai,PvrOdeonMallGhatkopar,Hindi,13:00,Prime,130₹,100,4
Maharashtra,Mumbai,PvrOdeonMallGhatkopar,Hindi,13:00,PrimePlus,130₹,52,13
Maharashtra,Mumbai,PvrOdeonMallGhatkopar,Hindi,13:00,Recliner,230₹,9,3
WestBengal,Kolkata,InoxStarMallMadhyamgram,Hindi,13:00,Royal,200₹,73,16
WestBengal,Kolkata,InoxStarMallMadhyamgram,Hindi,13:00,Club,180₹,95,2
WestBengal,Kolkata,InoxStarMallMadhyamgram,Hindi,13:00,Executive,160₹,30,0
UttarPradesh,NationalCapitalRegionNcr,InoxJanakPlace,Hindi,13:00,Royal,260₹,33,17
UttarPradesh,NationalCapitalRegionNcr,InoxJanakPlace,Hindi,13:00,Club,240₹,115,17
UttarPradesh,NationalCapitalRegionNcr,InoxJanakPlace,Hindi,13:00,Executive,220₹,138,4
Gujarat,Anand,TimeCinemaAnand,Hindi,13:00,GoldClass,100₹,125,0
Chandigarh,Meerut,WaveMeerut,Hindi,13:00,Classic,200₹,182,45
MadhyaPradesh,Rewa,SamdareeyaCinemaGoldRewa,Hindi,13:00,Lounger,150₹,16,1
MadhyaPradesh,Rewa,SamdareeyaCinemaGoldRewa,Hindi,13:00,Silver,120₹,30,0
MadhyaPradesh,Rewa,SamdareeyaCinemaGoldRewa,Hindi,13:00,Gold,150₹,122,3
MadhyaPradesh,Rewa,SamdareeyaCinemaGoldRewa,Hindi,13:00,Platinum,220₹,64,0
MadhyaPradesh,Rewa,SamdareeyaCinemaGoldRewa,Hindi,13:00,Sofa,250₹,20,2
MadhyaPradesh,Rewa,SamdareeyaCinemaGoldRewa,Hindi,13:00,Recliner,350₹,17,0
Haryana,Chandigarh,InoxNh22MallAmravatiEnclavePanchkula,Hindi,13:00,Club,150₹,154,18
Haryana,Chandigarh,InoxNh22MallAmravatiEnclavePanchkula,Hindi,13:00,Executive,112₹,108,0
UttarPradesh,NationalCapitalRegionNcr,UsCinemaEminenceCutGalaxyBlueSapphire,Hindi,13:00,Royal,300₹,16,2
UttarPradesh,NationalCapitalRegionNcr,UsCinemaEminenceCutGalaxyBlueSapphire,Hindi,13:00,RoyalPlus,400₹,42,12
WestBengal,Jiaganj,MahabirJainMunicipaltyCulturalJiaganj,Hindi,13:00,Balcony,120₹,95,0
WestBengal,Jiaganj,MahabirJainMunicipaltyCulturalJiaganj,Hindi,13:00,RearStall,100₹,286,0
Maharashtra,Pune,InoxBundGardenRoad,Hindi,13:00,Royale,280₹,32,21
Gujarat,Anand,RAndSCinemasAnand,Hindi,13:00,RedLounge,340₹,26,0
Gujarat,Anand,RAndSCinemasAnand,Hindi,13:00,Platinum,110₹,133,0
Gujarat,Anand,RAndSCinemasAnand,Hindi,13:00,Gold,110₹,48,0
UttarPradesh,Lucknow,InoxCrownMallLucknow,Hindi,13:00,RoyaleRecliners,300₹,13,3
UttarPradesh,Lucknow,InoxCrownMallLucknow,Hindi,13:00,Royale,170₹,45,13
UttarPradesh,Lucknow,InoxCrownMallLucknow,Hindi,13:00,Club,150₹,95,10
UttarPradesh,Lucknow,InoxCrownMallLucknow,Hindi,13:00,Executive,130₹,26,0
Maharashtra,Jalgaon,InoxKhandeshCentralMall,Hindi,13:00,Club,130₹,114,4
Maharashtra,Jalgaon,InoxKhandeshCentralMall,Hindi,13:00,Executive,130₹,42,0
Maharashtra,Jalgaon,InoxKhandeshCentralMall,Hindi,13:00,Royal,130₹,59,18
Bihar,Gaya,AprCinemasGaya,Hindi,13:00,Gold,200₹,155,12
Bihar,Gaya,AprCinemasGaya,Hindi,13:00,Loungers,230₹,11,0
Gujarat,Morbi,Cine36CineplexMorbi,Hindi,13:00,Box,400₹,26,13
Gujarat,Morbi,Cine36CineplexMorbi,Hindi,13:00,Platinum,500₹,27,0
Gujarat,Morbi,Cine36CineplexMorbi,Hindi,13:00,Gold,300₹,48,0
Gujarat,Morbi,Cine36CineplexMorbi,Hindi,13:00,Silver,200₹,97,0
Rajasthan,Bhiwadi,InoxBhiwadiGenesisMall,Hindi,13:00,Royale,190₹,51,21
Rajasthan,Bhiwadi,InoxBhiwadiGenesisMall,Hindi,13:00,Club,170₹,103,6
Rajasthan,Bhiwadi,InoxBhiwadiGenesisMall,Hindi,13:00,Executive,150₹,39,2
Maharashtra,Mumbai,PvrInfinitiMaladMumbai,Hindi,13:00,Classic,190₹,44,0
Maharashtra,Mumbai,PvrInfinitiMaladMumbai,Hindi,13:00,Prime,220₹,192,14
Maharashtra,Mumbai,PvrInfinitiMaladMumbai,Hindi,13:00,Recliner,350₹,16,15
Maharashtra,Gondia,GoldCinemaGovindpurRoadGondia,Hindi,13:00,Platinum,110₹,150,7
Maharashtra,Gondia,EosCinemasGondia,Hindi,13:00,Gold,100₹,52,0
Maharashtra,Gondia,EosCinemasGondia,Hindi,13:00,Platinum,100₹,62,2
MadhyaPradesh,Chhatarpur,JpCinemasChhatarpur,Hindi,13:00,Silver,120₹,48,0
MadhyaPradesh,Chhatarpur,JpCinemasChhatarpur,Hindi,13:00,Gold,150₹,96,7
MadhyaPradesh,Chhatarpur,JpCinemasChhatarpur,Hindi,13:00,Platinum,180₹,48,8
Maharashtra,Mumbai,PvrSonaShoppingCentreKandivaliW,Hindi,13:00,Prime,110₹,129,1
Maharashtra,Mumbai,PvrSonaShoppingCentreKandivaliW,Hindi,13:00,PrimePlus,130₹,33,4
Chandigarh,Meerut,RapidCinemaTheMelangeMallMeerut,Hindi,13:00,Gold,200₹,216,0
Chandigarh,Meerut,RapidCinemaTheMelangeMallMeerut,Hindi,13:00,Silver,200₹,43,0
Chandigarh,Meerut,RapidCinemaTheMelangeMallMeerut,Hindi,13:00,Diamond,200₹,54,0
Chandigarh,Meerut,RapidCinemaTheMelangeMallMeerut,Hindi,13:00,Recliner,300₹,10,0
UttarPradesh,NationalCapitalRegionNcr,InoxRCubeMonadMall,Hindi,13:05,Insignia,500₹,36,10
Haryana,Ambala,FunCinemasGalaxyMallAmbala,Hindi,13:05,Normal,170₹,81,2
Haryana,Ambala,FunCinemasGalaxyMallAmbala,Hindi,13:05,Executive,180₹,238,37
MadhyaPradesh,Bhopal,CinepolisAashimaMallBhopal,Hindi,13:05,Normal,160₹,30,0
MadhyaPradesh,Bhopal,CinepolisAashimaMallBhopal,Hindi,13:05,Executive,160₹,102,3
MadhyaPradesh,Bhopal,CinepolisAashimaMallBhopal,Hindi,13:05,Premium,160₹,83,15
WestBengal,Kolkata,InoxCityCenterSaltLake,Hindi,13:05,Royale,160₹,42,39
WestBengal,Kolkata,InoxCityCenterSaltLake,Hindi,13:05,DressCircle,150₹,144,34
WestBengal,Kolkata,InoxCityCenterSaltLake,Hindi,13:05,Galleria,150₹,49,0
UttarPradesh,Lucknow,InoxPhoenixPalassioMallLucknow,Hindi,13:05,Insignia,550₹,44,10
Haryana,Chandigarh,PvrCityCentreItParkChandigarh,Hindi,13:10,Recliner,450₹,12,0
Haryana,Chandigarh,PvrCityCentreItParkChandigarh,Hindi,13:10,Prime,190₹,108,12
Haryana,Chandigarh,PvrCityCentreItParkChandigarh,Hindi,13:10,Classic,150₹,90,3
UttarPradesh,NationalCapitalRegionNcr,CinepolisDlfAvenueSaket,Hindi,13:10,Normal,200₹,42,2
UttarPradesh,NationalCapitalRegionNcr,CinepolisDlfAvenueSaket,Hindi,13:10,Executive,220₹,59,17
UttarPradesh,NationalCapitalRegionNcr,CinepolisDlfAvenueSaket,Hindi,13:10,Premium,240₹,45,35
UttarPradesh,NationalCapitalRegionNcr,CinepolisDlfAvenueSaket,Hindi,13:10,Vip,400₹,10,9
Gujarat,Anand,PvrMarutiSolarisAnand,Hindi,13:10,Classic,120₹,38,0
Gujarat,Anand,PvrMarutiSolarisAnand,Hindi,13:10,ClassicPlus,120₹,38,0
Gujarat,Anand,PvrMarutiSolarisAnand,Hindi,13:10,Prime,130₹,133,13
Gujarat,Anand,PvrMarutiSolarisAnand,Hindi,13:10,PrimePlus,130₹,61,32
Gujarat,Gandhinagar,CinemaxSumanGandhinagar,Hindi,13:10,Classic,110₹,42,0
Gujarat,Gandhinagar,CinemaxSumanGandhinagar,Hindi,13:10,ClassicPlus,140₹,47,0
Gujarat,Gandhinagar,CinemaxSumanGandhinagar,Hindi,13:10,Prime,150₹,98,16
Gujarat,Gandhinagar,CinemaxSumanGandhinagar,Hindi,13:10,Recliner,300₹,23,3
WestBengal,Kolkata,PvrManiSquareMallKolkata,Hindi,13:10,Classic,210₹,80,1
WestBengal,Kolkata,PvrManiSquareMallKolkata,Hindi,13:10,Prime,240₹,172,23
WestBengal,Kolkata,PvrManiSquareMallKolkata,Hindi,13:10,Recliner,480₹,15,5
UttarPradesh,NationalCapitalRegionNcr,PvrLogixNoida,Hindi,13:10,Classic,320₹,99,38
Maharashtra,Pune,CinepolisSeasonsMallPune,Hindi,13:10,Normal,150₹,17,0
Maharashtra,Pune,CinepolisSeasonsMallPune,Hindi,13:10,Executive,150₹,62,29
Maharashtra,Pune,CinepolisSeasonsMallPune,Hindi,13:10,Premium,150₹,22,20
Maharashtra,Pune,PvrKumarPacificPune,Hindi,13:10,Classic,170₹,26,1
Maharashtra,Pune,PvrKumarPacificPune,Hindi,13:10,Prime,180₹,180,31
Maharashtra,Pune,PvrKumarPacificPune,Hindi,13:10,Recliner,350₹,14,6
UttarPradesh,NationalCapitalRegionNcr,SaimCinemasSlfMallSec3033Faridabad,Hindi,13:15,Gold,100₹,66,4
UttarPradesh,NationalCapitalRegionNcr,SaimCinemasSlfMallSec3033Faridabad,Hindi,13:15,Silver,100₹,80,0
Gujarat,Surat,RoongtaCinemasSurat,Hindi,13:15,RoyalRecliner,300₹,11,3
Gujarat,Surat,RoongtaCinemasSurat,Hindi,13:15,RoyalSofa,200₹,66,8
Gujarat,Surat,RoongtaCinemasSurat,Hindi,13:15,Lounger,170₹,9,0
UttarPradesh,Varanasi,IpCinemasIpSigraMallVaranasi,Hindi,13:15,Gold,150₹,294,23
UttarPradesh,Varanasi,IpCinemasIpSigraMallVaranasi,Hindi,13:15,Silver,110₹,116,2
UttarPradesh,Varanasi,IpCinemasIpSigraMallVaranasi,Hindi,13:15,Recliner,600₹,18,3
Uttaranchal,Rudrapur,MovietimeRudrapur,Hindi,13:15,Premier,99₹,36,0
Uttaranchal,Rudrapur,MovietimeRudrapur,Hindi,13:15,Standara,99₹,14,0
Uttaranchal,Rudrapur,MovietimeRudrapur,Hindi,13:15,Star,99₹,28,0
JammuAndKashmir,Jammu,WaveOneMoviesJammu,Hindi,13:15,Classic,170₹,66,0
JammuAndKashmir,Jammu,WaveOneMoviesJammu,Hindi,13:15,Premium,190₹,240,15
JammuAndKashmir,Jammu,WaveOneMoviesJammu,Hindi,13:15,Executive,210₹,102,15
MadhyaPradesh,Bhopal,DdxMultiplexBhopal,Hindi,13:15,Balcony,140₹,8,0
MadhyaPradesh,Bhopal,DdxMultiplexBhopal,Hindi,13:15,Gold,100₹,98,2
UttarPradesh,Varanasi,IpCinemasIpVijayaMallVaranasi,Hindi,13:15,Gold,150₹,132,25
UttarPradesh,Varanasi,IpCinemasIpVijayaMallVaranasi,Hindi,13:15,Silver,110₹,108,1
UttarPradesh,Varanasi,IpCinemasIpVijayaMallVaranasi,Hindi,13:15,Recliner,600₹,14,5
Goa,Goa,InoxOldGmcDbRoadPanaji,Hindi,13:15,Royal,220₹,105,10
Goa,Goa,InoxOldGmcDbRoadPanaji,Hindi,13:15,Club,200₹,90,0
Goa,Goa,InoxOldGmcDbRoadPanaji,Hindi,13:15,Executive,180₹,36,0
Haryana,Chandigarh,PvrElanteChandigarh,Hindi,13:15,Classic,230₹,160,58
Haryana,Chandigarh,PvrElanteChandigarh,Hindi,13:15,Recliner,650₹,26,2
UttarPradesh,Agra,BharatStarworldCinemaAgra,Hindi,13:15,Platinum,110₹,198,0
UttarPradesh,Agra,BharatStarworldCinemaAgra,Hindi,13:15,Prime,110₹,102,15
Gujarat,Mundra,AradhayaNovaCinemazMundra,Hindi,13:15,Vip,200₹,14,1
Gujarat,Mundra,AradhayaNovaCinemazMundra,Hindi,13:15,Platinum,170₹,60,0
Gujarat,Mundra,AradhayaNovaCinemazMundra,Hindi,13:15,Gold,170₹,76,0
Gujarat,Mundra,AradhayaNovaCinemazMundra,Hindi,13:15,Silver,170₹,76,0
UttarPradesh,NationalCapitalRegionNcr,MovieMaxPacificMallCinemaWithBiggestScreen,Hindi,13:15,Club,220₹,92,18
UttarPradesh,NationalCapitalRegionNcr,MovieMaxPacificMallCinemaWithBiggestScreen,Hindi,13:15,Premium,220₹,146,2
UttarPradesh,NationalCapitalRegionNcr,MovieMaxPacificMallCinemaWithBiggestScreen,Hindi,13:15,Executive,200₹,92,0
Gujarat,Surendranagar,NyCinemas1MilleniumPlazaSurendranagar,Hindi,13:15,Recliner,250₹,12,4
Gujarat,Surendranagar,NyCinemas1MilleniumPlazaSurendranagar,Hindi,13:15,Gold,150₹,109,1
Gujarat,Surendranagar,NyCinemas1MilleniumPlazaSurendranagar,Hindi,13:15,Silver,150₹,52,0
UttarPradesh,Mughalsarai,IpCinemasIpMughalMultiplex,Hindi,13:15,Silver,150₹,105,0
UttarPradesh,Mughalsarai,IpCinemasIpMughalMultiplex,Hindi,13:15,Gold,200₹,200,6
UttarPradesh,Mughalsarai,IpCinemasIpMughalMultiplex,Hindi,13:15,Diamond,250₹,10,4
UttarPradesh,NationalCapitalRegionNcr,CinepolisPacificNsp2Delhi,Hindi,13:15,Normal,300₹,71,2
UttarPradesh,NationalCapitalRegionNcr,CinepolisPacificNsp2Delhi,Hindi,13:15,Executive,320₹,86,18
UttarPradesh,NationalCapitalRegionNcr,CinepolisPacificNsp2Delhi,Hindi,13:15,Vip,460₹,9,8
MadhyaPradesh,Gwalior,FunCinemasDdCityMallGwalior,Hindi,13:15,Normal,170₹,110,1
MadhyaPradesh,Gwalior,FunCinemasDdCityMallGwalior,Hindi,13:15,Executive,180₹,209,14
Maharashtra,Mumbai,CinemaxEternityMallThane,Hindi,13:15,Classic,130₹,38,0
Maharashtra,Mumbai,CinemaxEternityMallThane,Hindi,13:15,Prime,150₹,177,27
Maharashtra,Mumbai,CinemaxEternityMallThane,Hindi,13:15,Recliner,200₹,28,8
Gujarat,Surat,CinezzaMultiplexSurat,Hindi,13:15,RoyalSofa,170₹,47,9
Gujarat,Surat,CinezzaMultiplexSurat,Hindi,13:15,Executive,150₹,330,4
Chhattisgarh,Raipur,ColorsCinemasRaipur,Hindi,13:15,Recliner,300₹,16,5
Chhattisgarh,Raipur,ColorsCinemasRaipur,Hindi,13:15,Club,100₹,134,34
Chhattisgarh,Raipur,ColorsCinemasRaipur,Hindi,13:15,Premium,100₹,100,0
UttarPradesh,Lucknow,NoveltyMgsCinemasDolbyAtmosLalbagh,Hindi,13:15,Classic,150₹,215,3
Chhattisgarh,Raipur,InoxCityMall36GERoad,Hindi,13:20,Platinum,150₹,43,16
Chhattisgarh,Raipur,InoxCityMall36GERoad,Hindi,13:20,Gold,130₹,192,12
Chhattisgarh,Raipur,InoxCityMall36GERoad,Hindi,13:20,Club,110₹,32,1
UttarPradesh,Lucknow,FunCinemasFunRepublicMallLucknow,Hindi,13:20,Normal,140₹,80,0
UttarPradesh,Lucknow,FunCinemasFunRepublicMallLucknow,Hindi,13:20,Executive,150₹,137,16
UttarPradesh,Lucknow,FunCinemasFunRepublicMallLucknow,Hindi,13:20,Normal,140₹,80,2
UttarPradesh,Lucknow,FunCinemasFunRepublicMallLucknow,Hindi,13:20,Executive,150₹,137,63
WestBengal,Kolkata,InoxCityCentreIiRajarhat,Hindi,13:25,Royale,400₹,17,8
WestBengal,Kolkata,InoxCityCentreIiRajarhat,Hindi,13:25,Club,220₹,240,24
WestBengal,Kolkata,InoxCityCentreIiRajarhat,Hindi,13:25,Executive,200₹,51,0
UttarPradesh,Sultanpur,VknsCinemasSultanpur,Hindi,13:30,Platinum,150₹,8,0
UttarPradesh,Sultanpur,VknsCinemasSultanpur,Hindi,13:30,Gold,150₹,53,0
UttarPradesh,Sultanpur,VknsCinemasSultanpur,Hindi,13:30,Silver,150₹,33,0
WestBengal,Durgapur,ArtiCinemasAboveRelianceTrendsBenachity,Hindi,13:30,Heera,99₹,74,4
WestBengal,Durgapur,ArtiCinemasAboveRelianceTrendsBenachity,Hindi,13:30,Moti,99₹,112,2
WestBengal,Durgapur,ArtiCinemasAboveRelianceTrendsBenachity,Hindi,13:30,Panna,99₹,48,0
JammuAndKashmir,Jammu,MovietimeJammu,Hindi,13:30,Gold,150₹,18,0
JammuAndKashmir,Jammu,MovietimeJammu,Hindi,13:30,Silver,99₹,39,8
JammuAndKashmir,Jammu,MovietimeJammu,Hindi,13:30,Classic,99₹,73,2
UttarPradesh,NationalCapitalRegionNcr,InoxShipraMallGhaziabad,Hindi,13:30,Executive,230₹,191,44
UttarPradesh,NationalCapitalRegionNcr,InoxShipraMallGhaziabad,Hindi,13:30,Classic,210₹,120,0
Gujarat,Ahmedabad,AbMiniplexShivranjiniCrossRoadSatellite,Hindi,13:30,Sofa,100₹,22,8
Gujarat,Ahmedabad,AbMiniplexShivranjiniCrossRoadSatellite,Hindi,13:30,PremiumSofa,100₹,24,6
WestBengal,Durgapur,SvfCinemasRajSammiloneeAnuradhaCinemaBenacity,Hindi,13:30,Gold,99₹,30,0
WestBengal,Durgapur,SvfCinemasRajSammiloneeAnuradhaCinemaBenacity,Hindi,13:30,Platinum,99₹,60,1
WestBengal,Durgapur,SvfCinemasRajSammiloneeAnuradhaCinemaBenacity,Hindi,13:30,Lounger,149₹,7,0
WestBengal,Durgapur,SvfCinemasRajSammiloneeAnuradhaCinemaBenacity,Hindi,13:30,ReclinerPrime,199₹,14,7
WestBengal,Durgapur,SvfCinemasRajSammiloneeAnuradhaCinemaBenacity,Hindi,13:30,Platinumm,99₹,28,2
MadhyaPradesh,Jabalpur,SamdareeyaEraCinemaJabalpur,Hindi,13:30,Platinum,99₹,82,14
MadhyaPradesh,Jabalpur,SamdareeyaEraCinemaJabalpur,Hindi,13:30,Gold,99₹,180,5
MadhyaPradesh,Jabalpur,SamdareeyaEraCinemaJabalpur,Hindi,13:30,Silver,99₹,76,0
UttarPradesh,NationalCapitalRegionNcr,UsCinemaEuropaGalaxyBlueSapphire,Hindi,13:30,Lux,160₹,80,0
UttarPradesh,NationalCapitalRegionNcr,UsCinemaEuropaGalaxyBlueSapphire,Hindi,13:30,LuxPlus,190₹,143,10
Karnataka,KalaburagiGulbarga,MirajCinemasGulbarga,Hindi,13:30,Special,130₹,80,0
Karnataka,KalaburagiGulbarga,MirajCinemasGulbarga,Hindi,13:30,Executive,150₹,192,4
Karnataka,KalaburagiGulbarga,MirajCinemasGulbarga,Hindi,13:30,Gold,300₹,10,0
Rajasthan,Jodhpur,InoxAnsalRoyalPlaza,Hindi,13:30,RoyalRecliner,330₹,12,6
Rajasthan,Jodhpur,InoxAnsalRoyalPlaza,Hindi,13:30,Royale,200₹,42,12
Rajasthan,Jodhpur,InoxAnsalRoyalPlaza,Hindi,13:30,Club,180₹,139,8
Rajasthan,Jodhpur,InoxAnsalRoyalPlaza,Hindi,13:30,Executive,160₹,34,4
Bihar,Patna,SushilPlazaCinemaPlexPatna,Hindi,13:30,GoldPrime,130₹,286,0
Telangana,Hyderabad,PvrMusarambaghHyderabad,Hindi,13:30,Classic,150₹,117,12
Gujarat,Nadiad,RajhansCinemasNadiad,Hindi,13:30,Executive,110₹,305,2
Gujarat,Nadiad,RajhansCinemasNadiad,Hindi,13:30,Royal,100₹,125,2
Gujarat,Nadiad,RajhansCinemasNadiad,Hindi,13:30,Marvel,90₹,75,0
Maharashtra,Mumbai,MaxusCinemasSakiNaka,Hindi,13:30,Sofa,150₹,17,6
Maharashtra,Mumbai,MaxusCinemasSakiNaka,Hindi,13:30,Premium,100₹,273,19
Maharashtra,Pune,InoxRoyalHeritageMallNibmExt,Hindi,13:30,RoyaleRecliners,350₹,15,0
Maharashtra,Pune,InoxRoyalHeritageMallNibmExt,Hindi,13:30,Royale,210₹,34,28
Maharashtra,Pune,InoxRoyalHeritageMallNibmExt,Hindi,13:30,Club,200₹,86,0
Maharashtra,Pune,InoxRoyalHeritageMallNibmExt,Hindi,13:30,Executive,200₹,26,0
Gujarat,Bhuj,NyCinemasSevenSkyBhuj,Hindi,13:30,Vip,220₹,14,3
Gujarat,Bhuj,NyCinemasSevenSkyBhuj,Hindi,13:30,Executive,150₹,72,0
Gujarat,Bhuj,NyCinemasSevenSkyBhuj,Hindi,13:30,Normal,150₹,72,0
Gujarat,Bhuj,NyCinemasSevenSkyBhuj,Hindi,13:30,Premium,150₹,88,1
Gujarat,Surat,CineverseCinemaKatargamSurat,Hindi,13:30,Sofa,190₹,101,3
Gujarat,Surat,CineverseCinemaKatargamSurat,Hindi,13:30,Lounger,190₹,13,0
Gujarat,Vadodara,CinepolisInorbitVadodaraMall,Hindi,13:30,Normal,150₹,26,0
Gujarat,Vadodara,CinepolisInorbitVadodaraMall,Hindi,13:30,Premium,150₹,40,32
Gujarat,Vadodara,CinepolisInorbitVadodaraMall,Hindi,13:30,Executive,150₹,116,15
Chhattisgarh,Raipur,InoxAmbujaCityCentreRaipur,Hindi,13:30,RoyalRecliner,200₹,20,11
Chhattisgarh,Raipur,InoxAmbujaCityCentreRaipur,Hindi,13:30,Club,130₹,188,0
Chhattisgarh,Raipur,InoxAmbujaCityCentreRaipur,Hindi,13:30,Royal,130₹,40,18
Chhattisgarh,Raipur,InoxAmbujaCityCentreRaipur,Hindi,13:30,Executive,110₹,36,0
MadhyaPradesh,Indore,InoxSapnaSangeetaMallSnehaNagar,Hindi,13:35,Club,220₹,160,27
MadhyaPradesh,Indore,InoxSapnaSangeetaMallSnehaNagar,Hindi,13:35,Royale,220₹,43,43
MadhyaPradesh,Indore,InoxSapnaSangeetaMallSnehaNagar,Hindi,13:35,Executive,200₹,80,4
WestBengal,Burdwan,InoxBurdwanArcadeBBGhoshRoad,Hindi,13:35,Royal,170₹,48,12
WestBengal,Burdwan,InoxBurdwanArcadeBBGhoshRoad,Hindi,13:35,Club,150₹,72,0
WestBengal,Burdwan,InoxBurdwanArcadeBBGhoshRoad,Hindi,13:35,Executive,140₹,36,0
UttarPradesh,NationalCapitalRegionNcr,CinepolisGrandVeniceMallGreaterNoida,Hindi,13:35,Normal,150₹,26,0
UttarPradesh,NationalCapitalRegionNcr,CinepolisGrandVeniceMallGreaterNoida,Hindi,13:35,Executive,160₹,77,16
UttarPradesh,NationalCapitalRegionNcr,CinepolisGrandVeniceMallGreaterNoida,Hindi,13:35,Premium,170₹,42,20
Maharashtra,Pune,InoxAmanoraTownCentreHadapsar,Hindi,13:35,Royale,280₹,5,4
Maharashtra,Pune,InoxAmanoraTownCentreHadapsar,Hindi,13:35,Club,150₹,119,52
Maharashtra,Pune,InoxAmanoraTownCentreHadapsar,Hindi,13:35,Executive,150₹,21,0
Chhattisgarh,Raipur,MirajCinemasNavaRaipurAtalNagar,Hindi,13:35,Special,110₹,26,0
Chhattisgarh,Raipur,MirajCinemasNavaRaipurAtalNagar,Hindi,13:35,Executive,130₹,76,0
Chhattisgarh,Raipur,MirajCinemasNavaRaipurAtalNagar,Hindi,13:35,Club,230₹,11,0
Maharashtra,Mumbai,InoxRCityGhatkopar,Hindi,13:35,RoyalRecliner,500₹,16,7
Maharashtra,Mumbai,InoxRCityGhatkopar,Hindi,13:35,Royal,240₹,63,44
Maharashtra,Mumbai,InoxRCityGhatkopar,Hindi,13:35,Club,220₹,111,2
Maharashtra,Mumbai,InoxRCityGhatkopar,Hindi,13:35,Executive,200₹,53,1
Maharashtra,Mumbai,PvrGrowelKandivaliE,Hindi,13:35,Classic,160₹,44,5
Maharashtra,Mumbai,PvrGrowelKandivaliE,Hindi,13:35,Prime,180₹,228,30
Maharashtra,Mumbai,PvrGrowelKandivaliE,Hindi,13:35,Recliner,300₹,14,12
Maharashtra,Mumbai,MetroInoxCinemasMarineLines,Hindi,13:35,Insignia,580₹,47,38
UttarPradesh,Agra,SarvCinemasAgra,Hindi,13:35,Platinum,300₹,16,0
UttarPradesh,Agra,SarvCinemasAgra,Hindi,13:35,Gold,150₹,226,18
UttarPradesh,Agra,SarvCinemasAgra,Hindi,13:35,Silver,100₹,128,0
Orissa,Jharsuguda,EylexCinemaJharsuguda,Hindi,13:35,Diamond,100₹,13,4
Orissa,Jharsuguda,EylexCinemaJharsuguda,Hindi,13:35,Platinum,100₹,84,4
Gujarat,Surat,CinepolisImperialSquareMallSurat,Hindi,13:35,Normal,150₹,29,0
Gujarat,Surat,CinepolisImperialSquareMallSurat,Hindi,13:35,Executive,150₹,102,16
Gujarat,Surat,CinepolisImperialSquareMallSurat,Hindi,13:35,Premium,170₹,42,10
Rajasthan,Bhiwadi,LegendSrsCinemasBhiwadi,Hindi,13:40,Platinum,150₹,144,0
Rajasthan,Bhiwadi,LegendSrsCinemasBhiwadi,Hindi,13:40,Gold,130₹,36,0
Maharashtra,Mumbai,MaisonPvrLivingRoomLuxeJioWorldDriveBkc,Hindi,13:40,Luxe,400₹,24,18
Maharashtra,Mumbai,MaisonPvrLivingRoomLuxeJioWorldDriveBkc,Hindi,13:40,LuxeSuperior,400₹,10,6
Rajasthan,Jaipur,InoxPinkSquareMallAdarshNagar,Hindi,13:40,Royale,260₹,17,5
Rajasthan,Jaipur,InoxPinkSquareMallAdarshNagar,Hindi,13:40,Club,200₹,146,29
Rajasthan,Jaipur,InoxPinkSquareMallAdarshNagar,Hindi,13:40,Executive,180₹,66,0
Gujarat,Vadodara,InoxRelianceMegaMallVadodara,Hindi,13:40,RoyalRecliners,280₹,12,7
Gujarat,Vadodara,InoxRelianceMegaMallVadodara,Hindi,13:40,Gold,140₹,104,3
Gujarat,Vadodara,InoxRelianceMegaMallVadodara,Hindi,13:40,Platinum,140₹,33,9
Gujarat,Vadodara,InoxRelianceMegaMallVadodara,Hindi,13:40,Silver,112₹,20,0
UttarPradesh,Aligarh,DdCinemasAligarhVadraCinema,Hindi,13:40,ClubRecliner,400₹,11,0
UttarPradesh,Aligarh,DdCinemasAligarhVadraCinema,Hindi,13:40,PremierRocker,180₹,204,7
UttarPradesh,NationalCapitalRegionNcr,LegendSrsCinemasFaridabad,Hindi,13:40,SilverClass,100₹,32,0
UttarPradesh,NationalCapitalRegionNcr,LegendSrsCinemasFaridabad,Hindi,13:40,GoldClass,120₹,99,0
UttarPradesh,NationalCapitalRegionNcr,LegendSrsCinemasFaridabad,Hindi,13:40,OnlineClass,120₹,38,0
UttarPradesh,NationalCapitalRegionNcr,LegendSrsCinemasFaridabad,Hindi,13:40,PlatinumClass,120₹,53,0
UttarPradesh,NationalCapitalRegionNcr,UsCinemasAdityaMallIndirapuram,Hindi,13:40,Luxury,150₹,130,7
UttarPradesh,NationalCapitalRegionNcr,UsCinemasAdityaMallIndirapuram,Hindi,13:40,LuxuryPlus,180₹,132,6
Rajasthan,Bhilwara,InoxRelianceMallBhilwara,Hindi,13:45,RoyaleRecliners,400₹,14,2
Rajasthan,Bhilwara,InoxRelianceMallBhilwara,Hindi,13:45,Royale,220₹,34,14
Rajasthan,Bhilwara,InoxRelianceMallBhilwara,Hindi,13:45,Club,180₹,112,14
Rajasthan,Bhilwara,InoxRelianceMallBhilwara,Hindi,13:45,Executive,112₹,26,2
Haryana,Chandigarh,RajhansCinemasPanchkula,Hindi,13:45,Executive,150₹,154,6
Haryana,Chandigarh,RajhansCinemasPanchkula,Hindi,13:45,Royal,130₹,34,0
Haryana,Chandigarh,RajhansCinemasPanchkula,Hindi,13:45,Marvel,110₹,17,0
UttarPradesh,NationalCapitalRegionNcr,PvrSelectCityWalkGoldDelhi,Hindi,13:45,Platinum,500₹,24,23
UttarPradesh,NationalCapitalRegionNcr,PvrSelectCityWalkGoldDelhi,Hindi,13:45,PlatinumSuperior,500₹,16,10
Maharashtra,Pune,CityPrideKothrud,Hindi,13:45,RoyalGold,160₹,149,37
Maharashtra,Pune,CityPrideKothrud,Hindi,13:45,RoyalSilver,140₹,22,0
WestBengal,Siliguri,InoxVegaCircleMallSiliguri,Hindi,13:45,Gold,250₹,31,11
WestBengal,Siliguri,InoxVegaCircleMallSiliguri,Hindi,13:45,Royal,220₹,126,7
WestBengal,Siliguri,InoxVegaCircleMallSiliguri,Hindi,13:45,Club,200₹,28,0
WestBengal,Siliguri,InoxVegaCircleMallSiliguri,Hindi,13:45,Executive,200₹,28,0
Uttarakhand,Dehradun,MovieLoungeCrossroadsMallDehradun,Hindi,13:45,Lounger,300₹,8,0
Uttarakhand,Dehradun,MovieLoungeCrossroadsMallDehradun,Hindi,13:45,Executive,400₹,24,0
Maharashtra,Mumbai,PvrDynamixJuhu,Hindi,13:45,Prime,260₹,72,30
Maharashtra,Mumbai,PvrDynamixJuhu,Hindi,13:45,Classic,240₹,40,1
Uttarakhand,Haldwani,WwCinemasWalkwayMallHaldwani,Hindi,13:45,Platinum,320₹,11,1
Uttarakhand,Haldwani,WwCinemasWalkwayMallHaldwani,Hindi,13:45,Gold,300₹,100,12
Gujarat,Morbi,NexusCinemaMorbi,Hindi,13:45,Recliner,500₹,17,7
Gujarat,Morbi,NexusCinemaMorbi,Hindi,13:45,Platinum,400₹,17,0
Gujarat,Morbi,NexusCinemaMorbi,Hindi,13:45,Gold,300₹,176,0
Gujarat,Morbi,NexusCinemaMorbi,Hindi,13:45,Silver,200₹,66,0
UttarPradesh,NationalCapitalRegionNcr,M2KRohini,Hindi,13:50,Silver,160₹,298,62
UttarPradesh,NationalCapitalRegionNcr,M2KRohini,Hindi,13:50,Gold,200₹,34,18
Uttarakhand,Almora,RcmCinemaAlmora,Hindi,13:50,Silver,100₹,52,0
Uttarakhand,Almora,RcmCinemaAlmora,Hindi,13:50,Gold,100₹,39,2
Uttarakhand,Almora,RcmCinemaAlmora,Hindi,13:50,Platinum,100₹,15,7
Haryana,Chandigarh,PiccadilySquareChandigarh,Hindi,13:50,Silver,135₹,110,2
Haryana,Chandigarh,PiccadilySquareChandigarh,Hindi,13:50,Gold,180₹,191,69
Haryana,Chandigarh,PiccadilySquareChandigarh,Hindi,13:50,BusinessClass,480₹,20,0
UttarPradesh,NationalCapitalRegionNcr,M2KPitampura,Hindi,13:50,Silver,160₹,166,34
UttarPradesh,NationalCapitalRegionNcr,M2KPitampura,Hindi,13:50,Gold,200₹,17,10
Karnataka,Bengaluru,InoxBrookefieldMall,Hindi,13:55,Club,220₹,28,27
Karnataka,Bengaluru,InoxBrookefieldMall,Hindi,13:55,Executive,200₹,88,34
Gujarat,Vadodara,PvrTransCubeVadodara,Hindi,14:00,Classic,150₹,34,7
Gujarat,Vadodara,PvrTransCubeVadodara,Hindi,14:00,Prime,150₹,100,20
Gujarat,Vadodara,PvrTransCubeVadodara,Hindi,14:00,Recliner,300₹,8,6
Maharashtra,Mumbai,CinepolisVipVivianaMallThane,Hindi,14:00,VipExecutive,450₹,20,0
Maharashtra,Mumbai,CinepolisVipVivianaMallThane,Hindi,14:00,VipPremium,500₹,54,38
Orissa,Bhawanipatna,BhagirathiMultiplexBhawanipatna,Hindi,14:00,Recliner,300₹,12,3
UttarPradesh,Saharanpur,MirajCinemasSaharanpurUttarPradesh,Hindi,14:00,Special,150₹,128,0
UttarPradesh,Saharanpur,MirajCinemasSaharanpurUttarPradesh,Hindi,14:00,Executive,150₹,161,11
WestBengal,Kolkata,JayaCinemasCityMallBarasat,Hindi,14:00,DressCircle,150₹,182,14
WestBengal,Kolkata,JayaCinemasCityMallBarasat,Hindi,14:00,RearStall,130₹,28,0
Maharashtra,Aurangabad,MohanNovaCinemazAurangabad,Hindi,14:00,Platinum,110₹,58,0
Maharashtra,Aurangabad,MohanNovaCinemazAurangabad,Hindi,14:00,Gold,110₹,57,0
Maharashtra,Aurangabad,MohanNovaCinemazAurangabad,Hindi,14:00,Silver,110₹,57,0
WestBengal,Kolkata,InoxForumMallElginRoad,Hindi,14:00,Royal,300₹,44,30
WestBengal,Kolkata,InoxForumMallElginRoad,Hindi,14:00,DressCircle,260₹,108,28
WestBengal,Kolkata,InoxForumMallElginRoad,Hindi,14:00,Galleria,230₹,36,0
Maharashtra,Mumbai,PvrIconOberoiMallGoregaonE,Hindi,14:00,Classic,190₹,22,4
Maharashtra,Mumbai,PvrIconOberoiMallGoregaonE,Hindi,14:00,Prime,220₹,96,56
Maharashtra,Mumbai,PvrIconOberoiMallGoregaonE,Hindi,14:00,Recliner,450₹,26,0
Maharashtra,Mumbai,MovietimeCubicMallChembur,Hindi,14:00,Gold,130₹,16,14
Maharashtra,Mumbai,MovietimeCubicMallChembur,Hindi,14:00,Silver,130₹,143,112
Uttarakhand,Almora,StarplexxCinemazAlmora,Hindi,14:00,VipBox,250₹,4,0
Uttarakhand,Almora,StarplexxCinemazAlmora,Hindi,14:00,Platinum,90₹,60,0
Uttarakhand,Almora,StarplexxCinemazAlmora,Hindi,14:00,Gold,90₹,121,0
Uttarakhand,Almora,StarplexxCinemazAlmora,Hindi,14:00,Silver,90₹,51,0
UttarPradesh,Bareilly,PvrPhoenixUnitedBareilly,Hindi,14:00,Classic,200₹,96,6
UttarPradesh,Bareilly,PvrPhoenixUnitedBareilly,Hindi,14:00,Prime,230₹,112,70
UttarPradesh,Bareilly,PvrPhoenixUnitedBareilly,Hindi,14:00,Recliner,420₹,14,12
Gujarat,Ahmedabad,RajhansCinemasVastral,Hindi,14:00,Recliner,250₹,20,14
Gujarat,Ahmedabad,RajhansCinemasVastral,Hindi,14:00,Executive,150₹,125,35
Gujarat,Ahmedabad,RajhansCinemasVastral,Hindi,14:00,Royal,130₹,49,6
Gujarat,Ahmedabad,RajhansCinemasVastral,Hindi,14:00,Marvel,110₹,38,0
UttarPradesh,Ghazipur,AvStarCinemaGhazipur,Hindi,14:00,Diamond,200₹,37,0
UttarPradesh,Ghazipur,AvStarCinemaGhazipur,Hindi,14:00,Gold,190₹,73,0
UttarPradesh,Ghazipur,AvStarCinemaGhazipur,Hindi,14:00,Silver,170₹,130,0
Assam,Silchar,GoldCinemaSilchar,Hindi,14:00,Gold,250₹,144,16
Assam,Silchar,GoldCinemaSilchar,Hindi,14:00,Silver,200₹,28,0
Haryana,Chandigarh,FunCinemasRepublicMallChandigarh,Hindi,14:00,Normal,140₹,60,0
Haryana,Chandigarh,FunCinemasRepublicMallChandigarh,Hindi,14:00,Executive,150₹,152,10
Orissa,Bhawanipatna,NewStarCineplexBhawanipatna,Hindi,14:00,Platinum,300₹,6,0
Orissa,Bhawanipatna,NewStarCineplexBhawanipatna,Hindi,14:00,Gold,180₹,88,0
Orissa,Bhawanipatna,NewStarCineplexBhawanipatna,Hindi,14:00,Silver,100₹,66,0
Gujarat,Ahmedabad,19CinemaSouthBopalAhmedabad,Hindi,14:00,Sofa,100₹,28,5
Gujarat,Ahmedabad,19CinemaSouthBopalAhmedabad,Hindi,14:00,PlatinumSofa,150₹,14,5
Orissa,Bhubaneswar,KeshariTheatreBarco4KDolbyAtmosBhubaneshwar,Hindi,14:00,Slider,149₹,61,12
Orissa,Bhubaneswar,KeshariTheatreBarco4KDolbyAtmosBhubaneshwar,Hindi,14:00,DressCircle,130₹,144,40
Orissa,Bhubaneswar,KeshariTheatreBarco4KDolbyAtmosBhubaneshwar,Hindi,14:00,Recliner,249₹,26,2
Orissa,Bhubaneswar,KeshariTheatreBarco4KDolbyAtmosBhubaneshwar,Hindi,14:00,Executive,110₹,211,13
Orissa,Bhubaneswar,KeshariTheatreBarco4KDolbyAtmosBhubaneshwar,Hindi,14:00,Stall,80₹,182,0
,Shirpur,CineSquareCinemasShirpur,Hindi,14:00,Premium,130₹,36,19
,Shirpur,CineSquareCinemasShirpur,Hindi,14:00,Royal,150₹,90,22
,Shirpur,CineSquareCinemasShirpur,Hindi,14:00,Recliner,300₹,14,0
Gujarat,Vapi,AnantCinemaVapi,Hindi,14:00,Sofa,150₹,66,3
Gujarat,Vapi,AnantCinemaVapi,Hindi,14:00,Lounger,150₹,10,3
MadhyaPradesh,Gwalior,FunCinemasDdCityMallGwalior,Hindi,14:05,Normal,170₹,110,2
MadhyaPradesh,Gwalior,FunCinemasDdCityMallGwalior,Hindi,14:05,Executive,180₹,119,25
UttarPradesh,Lucknow,PvrPhoenixLucknow,Hindi,14:10,Classic,200₹,208,33
UttarPradesh,Lucknow,PvrPhoenixLucknow,Hindi,14:10,Prime,250₹,24,5
UttarPradesh,Lucknow,PvrPhoenixLucknow,Hindi,14:10,Recliner,350₹,10,10
WestBengal,Darjeeling,InoxRinkMall,Hindi,14:10,Royal,170₹,101,16
WestBengal,Darjeeling,InoxRinkMall,Hindi,14:10,Economy,150₹,78,0
WestBengal,Darjeeling,InoxRinkMall,Hindi,14:10,Executive,150₹,235,6
UttarPradesh,Lucknow,PvrSingaporeMallLucknow,Hindi,14:10,Classic,125₹,194,31
Uttarakhand,Haridwar,SilvercityMultiplexHaridwar,Hindi,14:10,Platinum,100₹,38,0
Uttarakhand,Haridwar,SilvercityMultiplexHaridwar,Hindi,14:10,Gold,100₹,107,0
Uttarakhand,Haridwar,SilvercityMultiplexHaridwar,Hindi,14:10,Silver,100₹,51,0
Gujarat,Gandhinagar,InoxGandhinagarR21,Hindi,14:10,Platinum,160₹,14,7
Gujarat,Gandhinagar,InoxGandhinagarR21,Hindi,14:10,Gold,140₹,101,11
Gujarat,Gandhinagar,InoxGandhinagarR21,Hindi,14:10,Silver,100₹,31,0
Orissa,Cuttack,InoxCuttackSgblSquareMall,Hindi,14:15,RoyalRecliner,320₹,18,17
Orissa,Cuttack,InoxCuttackSgblSquareMall,Hindi,14:15,Royal,210₹,76,17
Orissa,Cuttack,InoxCuttackSgblSquareMall,Hindi,14:15,Club,190₹,94,8
Orissa,Cuttack,InoxCuttackSgblSquareMall,Hindi,14:15,Executive,140₹,30,2
Gujarat,Vadodara,MovietimeSSquareMallSubhanpuraVadodara,Hindi,14:15,Recliner,150₹,9,0
Gujarat,Vadodara,MovietimeSSquareMallSubhanpuraVadodara,Hindi,14:15,Premium,100₹,104,5
Gujarat,Vadodara,MovietimeSSquareMallSubhanpuraVadodara,Hindi,14:15,Executive,100₹,48,0
UttarPradesh,NationalCapitalRegionNcr,RajhansCinemasGalaxyDiamondPlazaGreaterNoida,Hindi,14:15,Recliner,300₹,14,9
UttarPradesh,NationalCapitalRegionNcr,RajhansCinemasGalaxyDiamondPlazaGreaterNoida,Hindi,14:15,Executive,190₹,82,5
UttarPradesh,NationalCapitalRegionNcr,RajhansCinemasGalaxyDiamondPlazaGreaterNoida,Hindi,14:15,Royal,180₹,33,0
UttarPradesh,NationalCapitalRegionNcr,RajhansCinemasGalaxyDiamondPlazaGreaterNoida,Hindi,14:15,Marvel,160₹,22,0
Tripura,Agartala,BalakaCinemaAgartala,Hindi,14:15,Gold,150₹,336,15
Gujarat,Surat,RajImperialInoxVarachhaRoadSurat,Hindi,14:15,Imperial,370₹,15,15
Gujarat,Surat,RajImperialInoxVarachhaRoadSurat,Hindi,14:15,Platinum,200₹,54,25
Gujarat,Surat,RajImperialInoxVarachhaRoadSurat,Hindi,14:15,Gold,180₹,121,13
Gujarat,Surat,RajImperialInoxVarachhaRoadSurat,Hindi,14:15,Silver,160₹,30,0
WestBengal,Kolkata,RdbCinemasSaltLakeKolkata,Hindi,14:20,Plat,170₹,225,38
WestBengal,Kolkata,RdbCinemasSaltLakeKolkata,Hindi,14:20,Gold,170₹,64,0
Telangana,Hyderabad,InoxGvkOneBanjaraHills,Hindi,14:20,Royal,250₹,16,15
Telangana,Hyderabad,InoxGvkOneBanjaraHills,Hindi,14:20,Executive,150₹,172,74
UttarPradesh,NationalCapitalRegionNcr,PvrGaurCityGreaterNoida,Hindi,14:25,Classic,210₹,106,42
UttarPradesh,NationalCapitalRegionNcr,PvrGaurCityGreaterNoida,Hindi,14:25,Prime,235₹,13,7
,Titlagarh,ChhotuMaharajCineCafeTitlagarh,Hindi,14:30,Classique,150₹,76,0
,Titlagarh,ChhotuMaharajCineCafeTitlagarh,Hindi,14:30,Premium,120₹,24,0
UttarPradesh,Agra,GoldCinemaAgra,Hindi,14:30,Gold,150₹,118,23
Gujarat,Ahmedabad,2NewfangledMiniplexMoteraAhmedabad,Hindi,14:30,CoupleSeat,500₹,38,21
MadhyaPradesh,Sagar,ParadisePlatinumPlazaSagar,Hindi,14:30,GoldClass,150₹,195,6
Haryana,Sonipat,MirajCinemasSonipat,Hindi,14:30,Executive,150₹,197,19
Haryana,Sonipat,MirajCinemasSonipat,Hindi,14:30,Prime,170₹,16,4
Gujarat,Ahmedabad,1NewfangledMiniplexMondealRetailPark,Hindi,14:30,VipClub,600₹,12,11
Gujarat,Ahmedabad,1NewfangledMiniplexMondealRetailPark,Hindi,14:30,Premium,600₹,11,4
Chhattisgarh,Raipur,PvrMagnetoMallRaipur,Hindi,14:30,Classic,160₹,38,0
Chhattisgarh,Raipur,PvrMagnetoMallRaipur,Hindi,14:30,Prime,190₹,192,74
Chhattisgarh,Raipur,PvrMagnetoMallRaipur,Hindi,14:30,Recliner,430₹,22,7
Telangana,Mahbubnagar,SriKrishnaTheatreMahbubnagar,Hindi,14:30,Balcony,100₹,373,0
UttarPradesh,NationalCapitalRegionNcr,FunCinemasPmCinemasParsvnathMallManhattan,Hindi,14:40,Royal,150₹,55,8
UttarPradesh,NationalCapitalRegionNcr,FunCinemasPmCinemasParsvnathMallManhattan,Hindi,14:40,Premier,100₹,56,0
UttarPradesh,NationalCapitalRegionNcr,FunCinemasPmCinemasParsvnathMallManhattan,Hindi,14:40,Silver,100₹,66,2
Punjab,Jalandhar,InoxRelianceMallJalandhar,Hindi,14:40,RoyaleRecliners,400₹,42,7
Punjab,Jalandhar,InoxRelianceMallJalandhar,Hindi,14:40,Royale,270₹,48,8
Punjab,Jalandhar,InoxRelianceMallJalandhar,Hindi,14:40,Club,170₹,144,22
Punjab,Jalandhar,InoxRelianceMallJalandhar,Hindi,14:40,Executive,150₹,50,0
UttarPradesh,Agra,SarvCinemasAgra,Hindi,14:40,SarvLounge,500₹,40,2
UttarPradesh,LakhimpurKheri,FunCinemasLakhimpurKheri,Hindi,14:40,Recliner,250₹,19,0
UttarPradesh,LakhimpurKheri,FunCinemasLakhimpurKheri,Hindi,14:40,Premium,170₹,144,3
UttarPradesh,LakhimpurKheri,FunCinemasLakhimpurKheri,Hindi,14:40,Classic,140₹,72,1
Rajasthan,Jaipur,InoxElementsMallAjmerRoad,Hindi,14:40,Royale,200₹,35,31
Rajasthan,Jaipur,InoxElementsMallAjmerRoad,Hindi,14:40,Club,180₹,93,8
Rajasthan,Jaipur,InoxElementsMallAjmerRoad,Hindi,14:40,Executive,160₹,18,0
Maharashtra,Pune,ESquareEliteXionMallHinjawadiPune,Hindi,14:45,Recliner,200₹,12,12
Maharashtra,Pune,ESquareEliteXionMallHinjawadiPune,Hindi,14:45,SofaPlatinum,150₹,44,44
Maharashtra,Pune,ESquareEliteXionMallHinjawadiPune,Hindi,14:45,SofaGold,130₹,11,11
Gujarat,Ahmedabad,SbMultiplexAgoraMallEliteClass,Hindi,14:45,Elite,180₹,96,9
Gujarat,Ahmedabad,SbMultiplexAgoraMallEliteClass,Hindi,14:45,Classic,80₹,28,2
Gujarat,Vadodara,BansalMovieplexGotriVasnaRoadVadodara,Hindi,14:45,Gold,80₹,110,16
Gujarat,Vadodara,BansalMovieplexGotriVasnaRoadVadodara,Hindi,14:45,Silver,80₹,17,0
Gujarat,Vadodara,BansalMovieplexGotriVasnaRoadVadodara,Hindi,14:45,Recliner,200₹,13,0
MadhyaPradesh,Jabalpur,SrCinemaJabalpur,Hindi,14:45,Silver,110₹,32,0
MadhyaPradesh,Jabalpur,SrCinemaJabalpur,Hindi,14:45,Gold,110₹,37,0
MadhyaPradesh,Jabalpur,SrCinemaJabalpur,Hindi,14:45,Platinum,110₹,58,0
MadhyaPradesh,Jabalpur,SrCinemaJabalpur,Hindi,14:45,Recliner,190₹,11,2
Gujarat,Vadodara,BansalMovieplexTarsaliVadodara,Hindi,14:45,Recliner,200₹,11,2
Gujarat,Vadodara,BansalMovieplexTarsaliVadodara,Hindi,14:45,Platinum,80₹,80,7
Gujarat,Vadodara,BansalMovieplexTarsaliVadodara,Hindi,14:45,Gold,80₹,64,0
Gujarat,Vadodara,BansalMovieplexTarsaliVadodara,Hindi,14:45,Silver,80₹,16,0
UttarPradesh,NationalCapitalRegionNcr,G3SCinemaRohiniNewlyRenovated,Hindi,14:45,Silver,230₹,94,9
UttarPradesh,NationalCapitalRegionNcr,G3SCinemaRohiniNewlyRenovated,Hindi,14:45,Gold,258₹,27,13
UttarPradesh,NationalCapitalRegionNcr,G3SCinemaRohiniNewlyRenovated,Hindi,14:45,SilverSlider,277₹,20,0
UttarPradesh,NationalCapitalRegionNcr,G3SCinemaRohiniNewlyRenovated,Hindi,14:45,SofaGoldClass,323₹,11,10
UttarPradesh,NationalCapitalRegionNcr,PvrPromenadeVasantKunj,Hindi,14:50,Classic,250₹,130,44
UttarPradesh,NationalCapitalRegionNcr,PvrPromenadeVasantKunj,Hindi,14:50,Prime,300₹,22,22
UttarPradesh,NationalCapitalRegionNcr,Pvr3CsDelhi,Hindi,14:50,Classic,180₹,180,16
UttarPradesh,NationalCapitalRegionNcr,Pvr3CsDelhi,Hindi,14:50,Prime,200₹,135,28
UttarPradesh,NationalCapitalRegionNcr,PvrElanTownCentreGurgaon,Hindi,14:50,Classic,112₹,54,2
UttarPradesh,NationalCapitalRegionNcr,PvrElanTownCentreGurgaon,Hindi,14:50,Prime,112₹,63,35
UttarPradesh,NationalCapitalRegionNcr,PvrElanTownCentreGurgaon,Hindi,14:50,Recliner,299₹,11,7
UttarPradesh,Lucknow,PvrSuperplexLuluLucknow,Hindi,14:50,Classic,170₹,30,0
UttarPradesh,Lucknow,PvrSuperplexLuluLucknow,Hindi,14:50,ClassicPlus,225₹,90,9
UttarPradesh,Lucknow,PvrSuperplexLuluLucknow,Hindi,14:50,Prime,250₹,108,36
UttarPradesh,Lucknow,PvrSuperplexLuluLucknow,Hindi,14:50,Recliner,400₹,9,8
UttarPradesh,Kanpur,PvrDeepKanpur,Hindi,14:50,Classic,160₹,134,5
UttarPradesh,Kanpur,PvrDeepKanpur,Hindi,14:50,Prime,180₹,60,44
UttarPradesh,Kanpur,PvrDeepKanpur,Hindi,14:50,Recliner,290₹,12,8
WestBengal,Kolkata,InoxLiluahHowrah,Hindi,14:55,Club,200₹,166,27
WestBengal,Kolkata,InoxLiluahHowrah,Hindi,14:55,Executive,180₹,54,5
Gujarat,Surat,MirajCinemasKsbOlympiaSurat,Hindi,15:00,Executive,100₹,44,0
Gujarat,Surat,MirajCinemasKsbOlympiaSurat,Hindi,15:00,Gold,100₹,72,11
Karnataka,Bengaluru,PvrGoldVegaCityBannerghattaRoad,Hindi,15:00,Gold,750₹,24,10
Karnataka,Bengaluru,PvrGoldVegaCityBannerghattaRoad,Hindi,15:00,GoldPrime,850₹,12,9
MadhyaPradesh,Sarangpur,GopalKrishnaMultiplexSarangpur,Hindi,15:00,Box,150₹,16,0
MadhyaPradesh,Sarangpur,GopalKrishnaMultiplexSarangpur,Hindi,15:00,Platinum,100₹,51,0
MadhyaPradesh,Sarangpur,GopalKrishnaMultiplexSarangpur,Hindi,15:00,Gold,100₹,66,0
MadhyaPradesh,Sarangpur,GopalKrishnaMultiplexSarangpur,Hindi,15:00,Silver,70₹,66,0
Chhattisgarh,Dongargarh,ShreeCinemaDongargarh,Hindi,15:00,Gold,120₹,64,0
MadhyaPradesh,Mandla,KingfisherMultiplexMandla,Hindi,15:00,Silver,100₹,36,0
MadhyaPradesh,Mandla,KingfisherMultiplexMandla,Hindi,15:00,Gold,150₹,36,0
MadhyaPradesh,Mandla,KingfisherMultiplexMandla,Hindi,15:00,Platinum,200₹,60,0
MadhyaPradesh,Mandla,KingfisherMultiplexMandla,Hindi,15:00,Recliner,300₹,9,0
MadhyaPradesh,Jhabua,B4CinemaJhabua,Hindi,15:00,Premium,180₹,66,1
MadhyaPradesh,Jhabua,B4CinemaJhabua,Hindi,15:00,SuperStander,150₹,24,0
MadhyaPradesh,Jhabua,B4CinemaJhabua,Hindi,15:00,Stander,150₹,12,0
Rajasthan,Navsari,RajhansCinemasNavsari,Hindi,15:00,Platinum,170₹,75,12
Rajasthan,Navsari,RajhansCinemasNavsari,Hindi,15:00,Executive,150₹,132,30
Rajasthan,Navsari,RajhansCinemasNavsari,Hindi,15:00,Royal,130₹,110,0
Rajasthan,Navsari,RajhansCinemasNavsari,Hindi,15:00,Marvel,110₹,62,0
Chhattisgarh,Korba,ChitraMultiplex2KDolbySurround71Korba,Hindi,15:00,Classic,100₹,44,0
Chhattisgarh,Korba,ChitraMultiplex2KDolbySurround71Korba,Hindi,15:00,Premium,150₹,118,0
Chhattisgarh,Korba,ChitraMultiplex2KDolbySurround71Korba,Hindi,15:00,Executive,150₹,95,2
Chhattisgarh,Korba,ChitraMultiplex2KDolbySurround71Korba,Hindi,15:00,Sofa,200₹,19,0
Maharashtra,Nagpur,MovieMaxEternityNagpur,Hindi,15:00,Classic,100₹,32,0
Maharashtra,Nagpur,MovieMaxEternityNagpur,Hindi,15:00,Prime,110₹,86,5
Maharashtra,Nagpur,MovieMaxEternityNagpur,Hindi,15:00,PrimePlus,150₹,124,21
Maharashtra,Nagpur,MovieMaxEternityNagpur,Hindi,15:00,Recliner,200₹,15,13
Rajasthan,Bhilwara,InoxCityCentreMallBhilwara,Hindi,15:00,Royale,220₹,27,5
Rajasthan,Bhilwara,InoxCityCentreMallBhilwara,Hindi,15:00,Club,180₹,65,21
Rajasthan,Bhilwara,InoxCityCentreMallBhilwara,Hindi,15:00,Executive,112₹,33,4
Chhattisgarh,Bemetara,RatanTalkiesBemetara,Hindi,15:00,Gold,100₹,121,0
MadhyaPradesh,Indore,FortuneCinemaMhow,Hindi,15:00,Vip,300₹,8,4
MadhyaPradesh,Indore,FortuneCinemaMhow,Hindi,15:00,SkyBox,200₹,12,4
MadhyaPradesh,Indore,FortuneCinemaMhow,Hindi,15:00,Platinum,130₹,67,5
MadhyaPradesh,Indore,FortuneCinemaMhow,Hindi,15:00,Gold,100₹,75,0
MadhyaPradesh,Indore,FortuneCinemaMhow,Hindi,15:00,Silver,100₹,30,0
Gujarat,Ahmedabad,KSeraSeraSgHighway,Hindi,15:00,Gold,150₹,16,8
Gujarat,Ahmedabad,KSeraSeraSgHighway,Hindi,15:00,Silver,112₹,60,1
MadhyaPradesh,Satna,A4EntertainmentSatna,Hindi,15:00,Recliner,250₹,16,0
MadhyaPradesh,Satna,A4EntertainmentSatna,Hindi,15:00,Platinum,140₹,95,4
MadhyaPradesh,Satna,A4EntertainmentSatna,Hindi,15:00,Gold,120₹,47,0
MadhyaPradesh,Mandsaur,SkyCineplexMandsaur,Hindi,15:00,Silver,150₹,28,0
MadhyaPradesh,Mandsaur,SkyCineplexMandsaur,Hindi,15:00,Gold,150₹,42,0
MadhyaPradesh,Mandsaur,SkyCineplexMandsaur,Hindi,15:00,Platinum,150₹,44,8
MadhyaPradesh,Pithampur,AyouCinemasPithampur,Hindi,15:00,Gold,80₹,136,8
MadhyaPradesh,Pithampur,AyouCinemasPithampur,Hindi,15:00,Silver,80₹,51,0
MadhyaPradesh,Datia,CineflixCinemasDatia,Hindi,15:00,Recliner,400₹,22,3
MadhyaPradesh,Datia,CineflixCinemasDatia,Hindi,15:00,Gold,200₹,135,7
MadhyaPradesh,Datia,CineflixCinemasDatia,Hindi,15:00,Silver,150₹,55,0
Chhattisgarh,Dhamtari,EosCinemasDhamtari,Hindi,15:00,Prime,150₹,27,0
Chhattisgarh,Dhamtari,EosCinemasDhamtari,Hindi,15:00,Club,100₹,72,0
Chhattisgarh,Dhamtari,EosCinemasDhamtari,Hindi,15:00,Premium,100₹,54,0
Gujarat,Surat,InoxVrMallSurat,Hindi,15:05,RoyalRecliner,470₹,56,21
WestBengal,Kolkata,PvrUniworldDowntownMallNewTownKolkata,Hindi,15:05,Classic,150₹,60,0
WestBengal,Kolkata,PvrUniworldDowntownMallNewTownKolkata,Hindi,15:05,Prime,180₹,180,2
WestBengal,Kolkata,PvrUniworldDowntownMallNewTownKolkata,Hindi,15:05,Recliner,390₹,6,2
UttarPradesh,NationalCapitalRegionNcr,MirajCinemasEldecoFaridabad,Hindi,15:05,Special,130₹,93,0
UttarPradesh,NationalCapitalRegionNcr,MirajCinemasEldecoFaridabad,Hindi,15:05,Executive,150₹,151,12
Punjab,Jalandhar,PvrCuroJalandhar,Hindi,15:05,Classic,150₹,36,0
Punjab,Jalandhar,PvrCuroJalandhar,Hindi,15:05,ClassicPlus,150₹,36,6
Punjab,Jalandhar,PvrCuroJalandhar,Hindi,15:05,Prime,150₹,33,22
WestBengal,Kolkata,InoxSwabhumiMaulanaAzadSarani,Hindi,15:05,Royal,250₹,24,17
WestBengal,Kolkata,InoxSwabhumiMaulanaAzadSarani,Hindi,15:05,Club,210₹,119,20
WestBengal,Kolkata,InoxSwabhumiMaulanaAzadSarani,Hindi,15:05,Executive,180₹,32,0
Haryana,Chandigarh,InoxDhillonPlazaZirakpur,Hindi,15:10,RoyalRecliner,399₹,8,2
Haryana,Chandigarh,InoxDhillonPlazaZirakpur,Hindi,15:10,Club,150₹,95,6
Haryana,Chandigarh,InoxDhillonPlazaZirakpur,Hindi,15:10,Executive,150₹,66,0
Haryana,Chandigarh,InoxDhillonPlazaZirakpur,Hindi,15:10,Royal,150₹,43,25
UttarPradesh,NationalCapitalRegionNcr,InoxPatelNagar,Hindi,15:10,Royal,280₹,55,15
UttarPradesh,NationalCapitalRegionNcr,InoxPatelNagar,Hindi,15:10,Club,270₹,150,16
UttarPradesh,NationalCapitalRegionNcr,InoxPatelNagar,Hindi,15:10,Executive,250₹,161,0
UttarPradesh,NationalCapitalRegionNcr,PvrVegasLuxeDwarka,Hindi,15:10,LuxePrime,500₹,24,18
UttarPradesh,NationalCapitalRegionNcr,PvrVegasLuxeDwarka,Hindi,15:10,LuxePrimePlus,600₹,6,6
UttarPradesh,Orai,ArchanaPalaceOrai,Hindi,15:10,Gold,100₹,132,17
UttarPradesh,Orai,ArchanaPalaceOrai,Hindi,15:10,Silver,100₹,36,0
UttarPradesh,NationalCapitalRegionNcr,PvrOpulentGhaziabad,Hindi,15:10,Classic,195₹,112,0
UttarPradesh,NationalCapitalRegionNcr,PvrOpulentGhaziabad,Hindi,15:10,Prime,220₹,108,25
UttarPradesh,NationalCapitalRegionNcr,PvrOpulentGhaziabad,Hindi,15:10,Recliner,350₹,11,0
Gujarat,Surat,InoxDrWorldSurat,Hindi,15:15,Club,190₹,63,3
Gujarat,Surat,InoxDrWorldSurat,Hindi,15:15,Royal,190₹,83,28
Gujarat,Surat,InoxDrWorldSurat,Hindi,15:15,Executive,170₹,46,1
HimachalPradesh,Bilaspur,36CityMallBilaspur,Hindi,15:15,Premium,140₹,36,0
HimachalPradesh,Bilaspur,36CityMallBilaspur,Hindi,15:15,Gold,140₹,102,39
HimachalPradesh,Bilaspur,36CityMallBilaspur,Hindi,15:15,Recliner,400₹,15,9
Maharashtra,Aurangabad,InoxTapadiaAurangabad,Hindi,15:15,Royal,230₹,18,15
Maharashtra,Aurangabad,InoxTapadiaAurangabad,Hindi,15:15,Silver,190₹,270,116
Maharashtra,Aurangabad,InoxTapadiaAurangabad,Hindi,15:15,Premiere,180₹,41,3
Jharkhand,Ranchi,SujataPicturePalaceRanchi,Hindi,15:15,Gold,70₹,80,7
Jharkhand,Ranchi,SujataPicturePalaceRanchi,Hindi,15:15,Premium,100₹,20,8
UttarPradesh,Aligarh,StarworldCinemasAligarh,Hindi,15:15,Prime,110₹,72,24
Gujarat,Bhavnagar,TheEntertainmentParkBhavnagar,Hindi,15:15,Platinum,149₹,29,15
Gujarat,Bhavnagar,TheEntertainmentParkBhavnagar,Hindi,15:15,Gold,112₹,142,12
Gujarat,Bhavnagar,TheEntertainmentParkBhavnagar,Hindi,15:15,Silver,112₹,22,0
UttarPradesh,NationalCapitalRegionNcr,SatyamVsCinemaPilkhuwa,Hindi,15:15,Gold,80₹,66,0
UttarPradesh,NationalCapitalRegionNcr,SatyamVsCinemaPilkhuwa,Hindi,15:15,Platinum,80₹,145,2
Rajasthan,Jalore,GlitzCinemasJalore,Hindi,15:15,Lounge,250₹,16,0
Rajasthan,Jalore,GlitzCinemasJalore,Hindi,15:15,Club,150₹,34,0
Rajasthan,Jalore,GlitzCinemasJalore,Hindi,15:15,Gold,150₹,113,4
MadhyaPradesh,Betul,KantishivaCinemaAndSSCineplexCinemaBetul,Hindi,15:15,Diamond,100₹,231,7
MadhyaPradesh,Betul,KantishivaCinemaAndSSCineplexCinemaBetul,Hindi,15:15,Golden,70₹,150,2
Gujarat,Surat,RajImperialInoxVarachhaRoadSurat,Hindi,15:15,Imperial,370₹,20,15
Gujarat,Surat,RajImperialInoxVarachhaRoadSurat,Hindi,15:15,Platinum,200₹,80,24
Gujarat,Surat,RajImperialInoxVarachhaRoadSurat,Hindi,15:15,Gold,180₹,260,26
Gujarat,Surat,RajImperialInoxVarachhaRoadSurat,Hindi,15:15,Silver,160₹,40,3
Gujarat,Vadodara,InoxSevenSeasMallFatehgunj,Hindi,15:15,Silver,160₹,114,80
Gujarat,Vadodara,InoxSevenSeasMallFatehgunj,Hindi,15:15,Executive,150₹,38,0
Gujarat,Vadodara,InoxSevenSeasMallFatehgunj,Hindi,15:15,Premiere,150₹,133,3
MadhyaPradesh,Indore,InoxC21Mall,Hindi,15:15,Normal,230₹,174,70
Gujarat,Surat,RajhansCinemasKamrejSurat,Hindi,15:15,Platinum,170₹,46,18
Gujarat,Surat,RajhansCinemasKamrejSurat,Hindi,15:15,Executive,150₹,104,11
Gujarat,Surat,RajhansCinemasKamrejSurat,Hindi,15:15,Royal,130₹,105,2
Gujarat,Surat,RajhansCinemasKamrejSurat,Hindi,15:15,Marvel,110₹,42,0
Jharkhand,Ranchi,JdCinemasJdHiStreetMallRanchi,Hindi,15:15,SilverOnline,110₹,13,1
Jharkhand,Ranchi,JdCinemasJdHiStreetMallRanchi,Hindi,15:15,PremiumOnline,110₹,65,9
Jharkhand,Ranchi,JdCinemasJdHiStreetMallRanchi,Hindi,15:15,ClubOnline,150₹,65,29
Bihar,Muzaffarpur,ShyamTalkiesCineGalaxyMuzaffarpur,Hindi,15:20,Deluxe,300₹,22,3
Bihar,Muzaffarpur,ShyamTalkiesCineGalaxyMuzaffarpur,Hindi,15:20,Executive,200₹,30,0
Bihar,Muzaffarpur,ShyamTalkiesCineGalaxyMuzaffarpur,Hindi,15:20,Gold,150₹,169,1
UttarPradesh,Lucknow,InoxPhoenixPalassioMallLucknow,Hindi,15:20,RoyaleRecliners,500₹,14,10
UttarPradesh,Lucknow,InoxPhoenixPalassioMallLucknow,Hindi,15:20,Royale,250₹,68,38
UttarPradesh,Lucknow,InoxPhoenixPalassioMallLucknow,Hindi,15:20,Club,230₹,112,9
UttarPradesh,Lucknow,InoxPhoenixPalassioMallLucknow,Hindi,15:20,Executive,210₹,26,2
Chhattisgarh,Champa,MukundSMultiplexChampa,Hindi,15:20,Silver,80₹,72,0
Chhattisgarh,Champa,MukundSMultiplexChampa,Hindi,15:20,Golden,100₹,72,0
Chhattisgarh,Champa,MukundSMultiplexChampa,Hindi,15:20,Platinum,140₹,72,0
Chhattisgarh,Champa,MukundSMultiplexChampa,Hindi,15:20,Royal,180₹,69,0
UttarPradesh,NationalCapitalRegionNcr,PvrVikaspuriDelhi,Hindi,15:20,Classic,150₹,63,0
UttarPradesh,NationalCapitalRegionNcr,PvrVikaspuriDelhi,Hindi,15:20,ClassicPlus,150₹,189,51
UttarPradesh,NationalCapitalRegionNcr,PvrVikaspuriDelhi,Hindi,15:20,Prime,150₹,36,21
MadhyaPradesh,Gwalior,FunCinemasDdCityMallGwalior,Hindi,15:20,Normal,180₹,108,0
MadhyaPradesh,Gwalior,FunCinemasDdCityMallGwalior,Hindi,15:20,Executive,190₹,200,23
Bihar,Patna,CinepolisPMMallPatna,Hindi,15:20,Normal,240₹,325,138
Orissa,Bhubaneswar,CinepolisNexusEsplanadeBhubaneswar,Hindi,15:25,Normal,180₹,26,0
Orissa,Bhubaneswar,CinepolisNexusEsplanadeBhubaneswar,Hindi,15:25,Executive,200₹,71,64
Orissa,Bhubaneswar,CinepolisNexusEsplanadeBhubaneswar,Hindi,15:25,Premium,220₹,48,47
Orissa,Bhubaneswar,CinepolisNexusEsplanadeBhubaneswar,Hindi,15:25,Vip,500₹,10,10
Karnataka,Bengaluru,PvrDirectorsCutRexWalkBengaluru,Hindi,15:25,Platinum,600₹,32,15
Karnataka,Bengaluru,PvrDirectorsCutRexWalkBengaluru,Hindi,15:25,PlatinumSuperior,600₹,16,15
Jharkhand,Jamshedpur,PjpCinepolisJamshedpur,Hindi,15:25,Normal,220₹,26,0
Jharkhand,Jamshedpur,PjpCinepolisJamshedpur,Hindi,15:25,Executive,240₹,26,10
Jharkhand,Jamshedpur,PjpCinepolisJamshedpur,Hindi,15:25,Premium,260₹,68,64
Maharashtra,Latur,PvrLatur,Hindi,15:25,Classic,130₹,42,3
Maharashtra,Latur,PvrLatur,Hindi,15:25,ClassicPlus,150₹,183,21
Maharashtra,Latur,PvrLatur,Hindi,15:25,Prime,160₹,102,39
Maharashtra,Mumbai,CinepolisMagnetMallBhandupW,Hindi,15:25,Normal,150₹,36,0
Maharashtra,Mumbai,CinepolisMagnetMallBhandupW,Hindi,15:25,Executive,150₹,126,20
Maharashtra,Mumbai,CinepolisMagnetMallBhandupW,Hindi,15:25,Vip,300₹,26,14
WestBengal,Kolkata,InoxQuestMall,Hindi,15:25,RoyalRecliner,730₹,71,69
Gujarat,Surat,RoongtaCinemasSurat,Hindi,15:30,RoyalSofa,250₹,9,8
Gujarat,Surat,RoongtaCinemasSurat,Hindi,15:30,Club,200₹,104,12
Gujarat,Surat,RoongtaCinemasSurat,Hindi,15:30,Lounger,190₹,9,0
Chhattisgarh,Raipur,PvrCityCenterRaipur,Hindi,15:30,Classic,140₹,34,0
Chhattisgarh,Raipur,PvrCityCenterRaipur,Hindi,15:30,Prime,165₹,203,46
Chhattisgarh,Raipur,PvrCityCenterRaipur,Hindi,15:30,Recliner,400₹,30,10
Gujarat,Surat,RajhansCinemasRajmahalAcMallSitanagarSurat,Hindi,15:30,Platinum,140₹,40,11
Gujarat,Surat,RajhansCinemasRajmahalAcMallSitanagarSurat,Hindi,15:30,Executive,130₹,130,26
Gujarat,Surat,RajhansCinemasRajmahalAcMallSitanagarSurat,Hindi,15:30,Royal,110₹,44,0
Gujarat,Surat,RajhansCinemasRajmahalAcMallSitanagarSurat,Hindi,15:30,Marvel,110₹,40,0
Maharashtra,Nagpur,CinepolisVrMallNagpur,Hindi,15:30,Normal,130₹,24,0
Maharashtra,Nagpur,CinepolisVrMallNagpur,Hindi,15:30,Executive,180₹,68,29
Maharashtra,Nagpur,CinepolisVrMallNagpur,Hindi,15:30,Premium,230₹,56,47
Maharashtra,Nagpur,CinepolisVrMallNagpur,Hindi,15:30,Vip,500₹,13,4
UttarPradesh,Padrauna,QualityStarworldPadrauna,Hindi,15:30,PlatinumXl,350₹,10,0
UttarPradesh,Padrauna,QualityStarworldPadrauna,Hindi,15:30,PlatinumXl,110₹,89,11
Rajasthan,Jaipur,FunStarTimeSquareCinemaJaipur,Hindi,15:30,Platinum,100₹,70,10
Rajasthan,Jaipur,FunStarTimeSquareCinemaJaipur,Hindi,15:30,Gold,100₹,90,5
Rajasthan,Jaipur,FunStarTimeSquareCinemaJaipur,Hindi,15:30,Silver,100₹,30,0
Karnataka,BelagaviBelgaum,InoxCampRoadBelagavi,Hindi,15:30,Royal,170₹,10,10
Karnataka,BelagaviBelgaum,InoxCampRoadBelagavi,Hindi,15:30,Club,150₹,56,6
Karnataka,BelagaviBelgaum,InoxCampRoadBelagavi,Hindi,15:30,Executive,130₹,14,0
Gujarat,Ahmedabad,MirajCinemasVitthalPlazaNewNaroda,Hindi,15:30,Executive,160₹,114,23
Gujarat,Ahmedabad,MirajCinemasVitthalPlazaNewNaroda,Hindi,15:30,Platinum,230₹,10,6
Chhattisgarh,Durg,TarunLvCinemasDurg,Hindi,15:30,Platinum,150₹,46,2
Chhattisgarh,Durg,TarunLvCinemasDurg,Hindi,15:30,Gold,120₹,99,2
Chhattisgarh,Durg,TarunLvCinemasDurg,Hindi,15:30,Silver,100₹,32,0
Gujarat,Gandhidham,RajhansCinemasGandhidham,Hindi,15:30,Recliner,300₹,20,7
Gujarat,Gandhidham,RajhansCinemasGandhidham,Hindi,15:30,Executive,180₹,182,35
Gujarat,Gandhidham,RajhansCinemasGandhidham,Hindi,15:30,Royal,160₹,40,0
Gujarat,Gandhidham,RajhansCinemasGandhidham,Hindi,15:30,Marvel,140₹,20,0
Maharashtra,Mumbai,G7MultiplexBandraW,Hindi,15:30,Special,150₹,38,18
Maharashtra,Mumbai,G7MultiplexBandraW,Hindi,15:30,DressCircle,150₹,9,9
Maharashtra,Mumbai,MirajVCinemasDombivali,Hindi,15:30,Gold,150₹,108,28
Maharashtra,Mumbai,MirajVCinemasDombivali,Hindi,15:30,Silver,130₹,26,0
Chhattisgarh,Rajnandgaon,EosSilverScreenMultiplexRajnandgaon,Hindi,15:30,Gold,150₹,36,0
Chhattisgarh,Rajnandgaon,EosSilverScreenMultiplexRajnandgaon,Hindi,15:30,Prime,120₹,97,0
Chhattisgarh,Rajnandgaon,EosSilverScreenMultiplexRajnandgaon,Hindi,15:30,Deluxe,100₹,38,0
UttarPradesh,NationalCapitalRegionNcr,MsxSilvercityHaldiramCitymallSec12Faridabad,Hindi,15:30,Platinum,100₹,314,29
Maharashtra,Mumbai,InoxMegaplexInorbitMallMalad,Hindi,15:30,Insignia,750₹,46,20
Haryana,Bhiwani,SpitiCinemaBhiwani,Hindi,15:30,Silver,150₹,48,0
Haryana,Bhiwani,SpitiCinemaBhiwani,Hindi,15:30,Gold,180₹,173,51
Haryana,Bhiwani,SpitiCinemaBhiwani,Hindi,15:30,Platinum,300₹,12,9
Chhattisgarh,Raipur,FnxCinemasRaipur,Hindi,15:30,Platinum,250₹,14,0
Chhattisgarh,Raipur,FnxCinemasRaipur,Hindi,15:30,Gold,150₹,98,0
Chhattisgarh,Raipur,FnxCinemasRaipur,Hindi,15:30,Silver,100₹,28,0
Maharashtra,Nashik,MovieMaXTheZoneCollegeRoadNashik,Hindi,15:30,Classic,130₹,57,24
Maharashtra,Nashik,MovieMaXTheZoneCollegeRoadNashik,Hindi,15:30,Prime,150₹,261,133
Maharashtra,Nashik,MovieMaXTheZoneCollegeRoadNashik,Hindi,15:30,PrimePlus,180₹,16,16
Gujarat,Gandhidham,MirajCinemasGandhidhamGujarat,Hindi,15:30,Special,100₹,34,0
Gujarat,Gandhidham,MirajCinemasGandhidhamGujarat,Hindi,15:30,Executive,100₹,189,4
Gujarat,Gandhidham,MirajCinemasGandhidhamGujarat,Hindi,15:30,Platinum,150₹,16,4
Maharashtra,Mumbai,KKCinemaKamothe,Hindi,15:30,Executive,150₹,77,5
Chhattisgarh,Korba,NiharikaCinema2KLaserDolby71SoundKorba,Hindi,15:30,Silver,100₹,50,0
Chhattisgarh,Korba,NiharikaCinema2KLaserDolby71SoundKorba,Hindi,15:30,Gold,150₹,191,0
Chhattisgarh,Korba,NiharikaCinema2KLaserDolby71SoundKorba,Hindi,15:30,Platinum,200₹,66,0
Gujarat,Ahmedabad,19CinemaNarolAhmedabad,Hindi,15:30,Platinum,140₹,21,0
Gujarat,Ahmedabad,19CinemaNarolAhmedabad,Hindi,15:30,Gold,100₹,38,0
Gujarat,Ahmedabad,19CinemaNarolAhmedabad,Hindi,15:30,Silver,100₹,18,0
Gujarat,Surat,RajhansCinemasMtcMallVelanjaSurat,Hindi,15:30,Platinum,99₹,30,19
Gujarat,Surat,RajhansCinemasMtcMallVelanjaSurat,Hindi,15:30,Executive,99₹,116,27
Gujarat,Surat,RajhansCinemasMtcMallVelanjaSurat,Hindi,15:30,Royal,99₹,51,0
Gujarat,Surat,RajhansCinemasMtcMallVelanjaSurat,Hindi,15:30,Marvel,99₹,34,0
Gujarat,Anand,DiyaCinemaAnand,Hindi,15:30,Sofa,200₹,16,9
Gujarat,Anand,DiyaCinemaAnand,Hindi,15:30,Platinum,130₹,83,8
WestBengal,Kolkata,CinepolisLakeMallKolkata,Hindi,15:30,Normal,240₹,22,0
WestBengal,Kolkata,CinepolisLakeMallKolkata,Hindi,15:30,Executive,260₹,55,50
WestBengal,Kolkata,CinepolisLakeMallKolkata,Hindi,15:30,Premium,280₹,32,29
UttarPradesh,Deoria,SurajMultiplexDeoria,Hindi,15:30,Diamond,150₹,55,26
UttarPradesh,Deoria,SurajMultiplexDeoria,Hindi,15:30,Gold,100₹,98,15
UttarPradesh,Deoria,SurajMultiplexDeoria,Hindi,15:30,Silver,100₹,26,0
Rajasthan,Jaipur,GolchaCinemaJaipur,Hindi,15:30,RoyalBox,150₹,94,28
Rajasthan,Jaipur,GolchaCinemaJaipur,Hindi,15:30,Excutive,110₹,160,37
MadhyaPradesh,Bhopal,PvrAuraMallBhopal,Hindi,15:30,Classic,160₹,63,0
MadhyaPradesh,Bhopal,PvrAuraMallBhopal,Hindi,15:30,Prime,160₹,228,28
MadhyaPradesh,Bhopal,PvrAuraMallBhopal,Hindi,15:30,Recliner,330₹,11,11
MadhyaPradesh,Burhanpur,AnkitaMultiplexBurhanpur,Hindi,15:30,Box,100₹,45,0
MadhyaPradesh,Burhanpur,AnkitaMultiplexBurhanpur,Hindi,15:30,Gold,50₹,144,0
MadhyaPradesh,Burhanpur,AnkitaMultiplexBurhanpur,Hindi,15:30,Platinum,50₹,83,0
MadhyaPradesh,Burhanpur,AnkitaMultiplexBurhanpur,Hindi,15:30,Silver,50₹,136,0
MadhyaPradesh,Ratlam,GayatriCinemasRatlam,Hindi,15:30,PlatinumClass,300₹,13,1
MadhyaPradesh,Ratlam,GayatriCinemasRatlam,Hindi,15:30,Gold,200₹,90,18
MadhyaPradesh,Ratlam,GayatriCinemasRatlam,Hindi,15:30,Silver,180₹,30,0
MadhyaPradesh,Shajapur,ImusicaCinemaShajapur,Hindi,15:30,Gold,110₹,45,3
MadhyaPradesh,Shajapur,ImusicaCinemaShajapur,Hindi,15:30,Redcarpet,160₹,90,5
MadhyaPradesh,Shajapur,ImusicaCinemaShajapur,Hindi,15:30,Royal,260₹,12,0
UttarPradesh,Agra,SarvCinemasAgra,Hindi,15:30,SofaChair,300₹,8,0
UttarPradesh,Agra,SarvCinemasAgra,Hindi,15:30,PrimeSofa,150₹,20,9
UttarPradesh,Agra,SarvCinemasAgra,Hindi,15:30,Gold,100₹,80,8
UttarPradesh,Gangoh,ChaudharySsMultiplexGangoh,Hindi,15:30,Silver,110₹,69,0
UttarPradesh,Gangoh,ChaudharySsMultiplexGangoh,Hindi,15:30,Gold,150₹,66,0
UttarPradesh,Gangoh,ChaudharySsMultiplexGangoh,Hindi,15:30,Platinum,180₹,14,0
Maharashtra,Amravati,EOrbitMultiplexAmravati,Hindi,15:30,Platinum,150₹,210,47
Maharashtra,Amravati,EOrbitMultiplexAmravati,Hindi,15:30,Gold,150₹,51,0
Chhattisgarh,Ambikapur,JcmMultiplexAmbikapur,Hindi,15:30,Recliners,350₹,24,2
Chhattisgarh,Ambikapur,JcmMultiplexAmbikapur,Hindi,15:30,Diamond,200₹,96,8
Chhattisgarh,Ambikapur,JcmMultiplexAmbikapur,Hindi,15:30,Gold,150₹,52,0
Chhattisgarh,Ambikapur,JcmMultiplexAmbikapur,Hindi,15:30,Silver,100₹,26,0
Gujarat,Vadodara,CinemeraMultiplexVadodara,Hindi,15:30,Recliners,140₹,12,3
Gujarat,Vadodara,CinemeraMultiplexVadodara,Hindi,15:30,Executive,90₹,15,2
Gujarat,Vadodara,CinemeraMultiplexVadodara,Hindi,15:30,Gold,90₹,51,0
Gujarat,Vadodara,CinemeraMultiplexVadodara,Hindi,15:30,Platinum,90₹,96,0
Gujarat,Vadodara,CinemeraMultiplexVadodara,Hindi,15:30,Silver,90₹,18,0
Gujarat,Rajkot,InoxRajkotRWorld,Hindi,15:35,Platinum,240₹,180,96
UttarPradesh,NationalCapitalRegionNcr,PvrPrashantViharDelhi,Hindi,15:35,Classic,200₹,180,13
UttarPradesh,NationalCapitalRegionNcr,PvrPrashantViharDelhi,Hindi,15:35,Prime,230₹,30,12
HimachalPradesh,Bilaspur,PvrRamaMagnetoMallBilaspur,Hindi,15:35,Classic,160₹,40,4
HimachalPradesh,Bilaspur,PvrRamaMagnetoMallBilaspur,Hindi,15:35,Prime,180₹,116,60
HimachalPradesh,Bilaspur,PvrRamaMagnetoMallBilaspur,Hindi,15:35,PrimePlus,360₹,13,9
Chhattisgarh,Bhilai,PvrTreasureIslandBhilai,Hindi,15:35,Classic,150₹,30,0
Chhattisgarh,Bhilai,PvrTreasureIslandBhilai,Hindi,15:35,Prime,185₹,79,58
Chhattisgarh,Bhilai,PvrTreasureIslandBhilai,Hindi,15:35,PrimePlus,215₹,41,28
Rajasthan,Jaipur,InoxCityPlazaMallBaniPark,Hindi,15:35,PassPass,170₹,59,24
Rajasthan,Jaipur,InoxCityPlazaMallBaniPark,Hindi,15:35,Luxury,160₹,120,9
Rajasthan,Jaipur,InoxCityPlazaMallBaniPark,Hindi,15:35,Comfort,150₹,30,0
TamilNadu,Chennai,PvrVrChennaiAnnaNagar,Hindi,15:35,Classic,63₹,24,8
TamilNadu,Chennai,PvrVrChennaiAnnaNagar,Hindi,15:35,Prime,189₹,112,108
Maharashtra,Mumbai,MovieMaxMiraRoad,Hindi,15:35,Classic,150₹,40,0
Maharashtra,Mumbai,MovieMaxMiraRoad,Hindi,15:35,Prime,150₹,180,34
Maharashtra,Mumbai,MovieMaxMiraRoad,Hindi,15:35,PrimePlus,250₹,10,5
Maharashtra,Mumbai,MovieMaxMiraRoad,Hindi,15:35,Recliner,300₹,16,10
MadhyaPradesh,Gwalior,InoxDbMallGwalior,Hindi,15:35,RoyaleRecliners,340₹,10,10
MadhyaPradesh,Gwalior,InoxDbMallGwalior,Hindi,15:35,Royale,230₹,75,45
MadhyaPradesh,Gwalior,InoxDbMallGwalior,Hindi,15:35,Club,220₹,72,2
MadhyaPradesh,Gwalior,InoxDbMallGwalior,Hindi,15:35,Executive,190₹,24,0
UttarPradesh,NationalCapitalRegionNcr,CinepolisTheEsplanadeGurugram,Hindi,15:35,Normal,99₹,20,0
UttarPradesh,NationalCapitalRegionNcr,CinepolisTheEsplanadeGurugram,Hindi,15:35,Executive,99₹,48,0
UttarPradesh,NationalCapitalRegionNcr,CinepolisTheEsplanadeGurugram,Hindi,15:35,Premium,99₹,82,35
Maharashtra,Mumbai,PvrMarketCityKurlaPremiere,Hindi,15:40,Classic,300₹,85,7
Maharashtra,Mumbai,PvrMarketCityKurlaPremiere,Hindi,15:40,Prime,350₹,155,57
UttarPradesh,NationalCapitalRegionNcr,PvrPlazaCpDelhi,Hindi,15:40,Classic,250₹,200,39
UttarPradesh,NationalCapitalRegionNcr,PvrPlazaCpDelhi,Hindi,15:40,Prime,300₹,100,60
MadhyaPradesh,Bhopal,InoxCapitalMallBhopal,Hindi,15:40,Club,130₹,185,0
MadhyaPradesh,Bhopal,InoxCapitalMallBhopal,Hindi,15:40,Executive,130₹,30,0
MadhyaPradesh,Bhopal,InoxCapitalMallBhopal,Hindi,15:40,Royal,130₹,63,19
Maharashtra,Pune,CinepolisWestendMallAundhPune,Hindi,15:40,Normal,280₹,21,6
Maharashtra,Pune,CinepolisWestendMallAundhPune,Hindi,15:40,Executive,300₹,73,38
Maharashtra,Pune,CinepolisWestendMallAundhPune,Hindi,15:40,Premium,320₹,36,25
MadhyaPradesh,Satna,PvrUtsavSatna,Hindi,15:40,Classic,120₹,24,0
MadhyaPradesh,Satna,PvrUtsavSatna,Hindi,15:40,ClassicPlus,150₹,150,14
Haryana,Panipat,PvrFunCityPanipat,Hindi,15:40,Classic,170₹,68,0
Haryana,Panipat,PvrFunCityPanipat,Hindi,15:40,Prime,190₹,82,16
Haryana,Panipat,PvrFunCityPanipat,Hindi,15:40,PrimePlus,240₹,12,4
Maharashtra,Pune,PvrGrandHighstreetPune,Hindi,15:40,Classic,210₹,24,2
Maharashtra,Pune,PvrGrandHighstreetPune,Hindi,15:40,Prime,230₹,48,8
Maharashtra,Pune,PvrGrandHighstreetPune,Hindi,15:40,PrimePlus,270₹,80,40
Maharashtra,Pune,PvrGrandHighstreetPune,Hindi,15:40,Recliner,400₹,8,6
UttarPradesh,Gorakhpur,InoxOrionMallGorakhpur,Hindi,15:40,RoyaleRecliners,450₹,13,3
UttarPradesh,Gorakhpur,InoxOrionMallGorakhpur,Hindi,15:40,Royale,220₹,46,42
UttarPradesh,Gorakhpur,InoxOrionMallGorakhpur,Hindi,15:40,Club,200₹,63,20
UttarPradesh,Gorakhpur,InoxOrionMallGorakhpur,Hindi,15:40,Executive,180₹,42,0
TamilNadu,Chennai,SpiEscapeExpressAvenueMallRoyapettah,Hindi,15:40,Budget,63₹,12,10
TamilNadu,Chennai,SpiEscapeExpressAvenueMallRoyapettah,Hindi,15:40,Elite,189₹,108,108
Maharashtra,Pune,InoxElproCitySquareChinchwad,Hindi,15:40,Royale,260₹,79,8
Maharashtra,Pune,InoxElproCitySquareChinchwad,Hindi,15:40,Club,240₹,85,4
Maharashtra,Pune,InoxElproCitySquareChinchwad,Hindi,15:40,Executive,220₹,34,0
Haryana,Yamunanagar,DimpleCineplexYamunaNagar,Hindi,15:40,Gold,99₹,53,0
Haryana,Yamunanagar,DimpleCineplexYamunaNagar,Hindi,15:40,Silver,99₹,36,0
UttarPradesh,NationalCapitalRegionNcr,CinepolisPacificNsp2Delhi,Hindi,15:40,Normal,300₹,77,0
UttarPradesh,NationalCapitalRegionNcr,CinepolisPacificNsp2Delhi,Hindi,15:40,Executive,320₹,96,37
UttarPradesh,NationalCapitalRegionNcr,CinepolisPacificNsp2Delhi,Hindi,15:40,Vip,460₹,11,11
Jharkhand,Ranchi,EylexCinemasHinoo,Hindi,15:45,Box,100₹,11,11
Jharkhand,Ranchi,EylexCinemasHinoo,Hindi,15:45,Club,100₹,22,0
Jharkhand,Ranchi,EylexCinemasHinoo,Hindi,15:45,Gold,100₹,48,0
Jharkhand,Ranchi,EylexCinemasHinoo,Hindi,15:45,Platinum,100₹,87,19
Gujarat,Ahmedabad,RevolutionMultiplexCtmAhmedabad,Hindi,15:45,SofaClass,250₹,16,0
Gujarat,Ahmedabad,RevolutionMultiplexCtmAhmedabad,Hindi,15:45,PlatinumClass,180₹,40,0
Gujarat,Ahmedabad,RevolutionMultiplexCtmAhmedabad,Hindi,15:45,GoldenClass,150₹,50,0
Gujarat,Ahmedabad,RevolutionMultiplexCtmAhmedabad,Hindi,15:45,SilverClass,150₹,19,0
WestBengal,CoochBehar,JayaCinemasCityMallCoochBehar,Hindi,15:45,Royal,250₹,19,0
WestBengal,CoochBehar,JayaCinemasCityMallCoochBehar,Hindi,15:45,Club,150₹,184,7
WestBengal,CoochBehar,JayaCinemasCityMallCoochBehar,Hindi,15:45,Executive,100₹,56,1
Chandigarh,Meerut,InoxPvsMallMeerut,Hindi,15:45,RoyaleRecliner,370₹,15,4
Chandigarh,Meerut,InoxPvsMallMeerut,Hindi,15:45,Royale,200₹,34,14
Chandigarh,Meerut,InoxPvsMallMeerut,Hindi,15:45,Club,180₹,116,8
Chandigarh,Meerut,InoxPvsMallMeerut,Hindi,15:45,Executive,160₹,40,0
UttarPradesh,NationalCapitalRegionNcr,InoxOmaxeConnaughtPlaceMallGreaterNoida,Hindi,15:45,RoyaleRecliners,330₹,16,0
UttarPradesh,NationalCapitalRegionNcr,InoxOmaxeConnaughtPlaceMallGreaterNoida,Hindi,15:45,Royale,170₹,177,24
UttarPradesh,NationalCapitalRegionNcr,InoxOmaxeConnaughtPlaceMallGreaterNoida,Hindi,15:45,Club,150₹,119,0
Chhattisgarh,Raigarh,RkMoviezRaigarh,Hindi,15:45,Classic,100₹,33,0
Chhattisgarh,Raigarh,RkMoviezRaigarh,Hindi,15:45,Silver,120₹,44,0
Chhattisgarh,Raigarh,RkMoviezRaigarh,Hindi,15:45,Prime,150₹,55,0
Chhattisgarh,Raigarh,RkMoviezRaigarh,Hindi,15:45,Gold,300₹,7,0
Rajasthan,Ajmer,InoxCitySquareMallAjmer,Hindi,15:45,Royale,190₹,59,14
Rajasthan,Ajmer,InoxCitySquareMallAjmer,Hindi,15:45,Platinum,170₹,126,15
Rajasthan,Ajmer,InoxCitySquareMallAjmer,Hindi,15:45,Club,150₹,90,0
Rajasthan,Ajmer,InoxCitySquareMallAjmer,Hindi,15:45,Executive,112₹,36,0
Bihar,Muzaffarpur,EylexCinemaMuzaffarpur,Hindi,15:45,Gold,100₹,33,0
Bihar,Muzaffarpur,EylexCinemaMuzaffarpur,Hindi,15:45,Platinum,100₹,93,33
Rajasthan,Jaipur,FirstCinemaJaipur,Hindi,15:45,Club,110₹,144,16
Rajasthan,Jaipur,FirstCinemaJaipur,Hindi,15:45,Gold,110₹,48,23
Rajasthan,Jaipur,FirstCinemaJaipur,Hindi,15:45,Lounge,300₹,17,5
Jharkhand,Deoghar,EylexCinemasDeoghar,Hindi,15:45,Diamond,100₹,64,35
Jharkhand,Deoghar,EylexCinemasDeoghar,Hindi,15:45,Gold,100₹,51,0
Jharkhand,Deoghar,EylexCinemasDeoghar,Hindi,15:45,Platinum,100₹,51,15
Jharkhand,Deoghar,EylexCinemasDeoghar,Hindi,15:45,Silver,100₹,34,0
Gujarat,Ahmedabad,WideAngleAhmedabad,Hindi,15:45,Club,350₹,51,14
Uttaranchal,Rudrapur,WaveRudrapur,Hindi,15:45,Classic,170₹,248,61
Jharkhand,Hazaribagh,EylexCinemaHazaribagh,Hindi,15:45,Rl,250₹,5,5
Jharkhand,Hazaribagh,EylexCinemaHazaribagh,Hindi,15:45,Gl,100₹,39,0
Jharkhand,Hazaribagh,EylexCinemaHazaribagh,Hindi,15:45,Pl,100₹,147,20
Jharkhand,Jamshedpur,EylexCinemasJamshedpur,Hindi,15:45,Lounge2,150₹,15,4
Jharkhand,Jamshedpur,EylexCinemasJamshedpur,Hindi,15:45,Gold,100₹,57,0
Jharkhand,Jamshedpur,EylexCinemasJamshedpur,Hindi,15:45,Platinum,100₹,208,29
Jharkhand,Jamshedpur,EylexCinemasJamshedpur,Hindi,15:45,Silver,100₹,38,0
MadhyaPradesh,Indore,PvrTreasureIslandMallIndore,Hindi,15:50,Classic,220₹,38,0
MadhyaPradesh,Indore,PvrTreasureIslandMallIndore,Hindi,15:50,Prime,240₹,110,67
UttarPradesh,NationalCapitalRegionNcr,InoxEf3MallFaridabad,Hindi,15:50,Royale,200₹,44,19
UttarPradesh,NationalCapitalRegionNcr,InoxEf3MallFaridabad,Hindi,15:50,Club,180₹,134,12
UttarPradesh,NationalCapitalRegionNcr,InoxEf3MallFaridabad,Hindi,15:50,Executive,150₹,24,0
UttarPradesh,NationalCapitalRegionNcr,PvrPacificDwarka,Hindi,15:50,Classic,200₹,44,29
UttarPradesh,NationalCapitalRegionNcr,PvrPacificDwarka,Hindi,15:50,Prime,230₹,17,17
WestBengal,Kolkata,InoxHilandPark,Hindi,15:50,Royal,400₹,16,2
WestBengal,Kolkata,InoxHilandPark,Hindi,15:50,Silver,220₹,155,21
WestBengal,Kolkata,InoxHilandPark,Hindi,15:50,Premier,200₹,29,2
Karnataka,Bengaluru,InoxMantriSquareMalleshwaram,Hindi,15:50,Club,240₹,225,98
Telangana,Hyderabad,PvrIrrumManzilHyderabad,Hindi,15:50,Classic,150₹,132,51
Telangana,Hyderabad,PvrIrrumManzilHyderabad,Hindi,15:50,Recliner,250₹,8,8
UttarPradesh,Lucknow,InoxGardensGalleriaMallRaebareliRoad,Hindi,15:50,Royal,170₹,48,10
UttarPradesh,Lucknow,InoxGardensGalleriaMallRaebareliRoad,Hindi,15:50,Club,150₹,72,2
UttarPradesh,Lucknow,InoxGardensGalleriaMallRaebareliRoad,Hindi,15:50,Executive,130₹,24,4
UttarPradesh,NationalCapitalRegionNcr,PvrShalimarBagh,Hindi,15:55,Classic,200₹,133,24
UttarPradesh,NationalCapitalRegionNcr,PvrShalimarBagh,Hindi,15:55,Prime,230₹,74,51
WestBengal,Kolkata,HindInoxKolkata,Hindi,15:55,Silver,200₹,193,45
WestBengal,Kolkata,HindInoxKolkata,Hindi,15:55,Premium,170₹,107,28
WestBengal,Kolkata,HindInoxKolkata,Hindi,15:55,Executive,160₹,37,0
,Hathras,RrCinemaMayaPalaceHathras,Hindi,15:55,Gold,150₹,182,11
UttarPradesh,Kanpur,InoxZSquareBadaChauraha,Hindi,15:55,RoyalRecliner,500₹,15,13
UttarPradesh,Kanpur,InoxZSquareBadaChauraha,Hindi,15:55,Royal,220₹,76,40
UttarPradesh,Kanpur,InoxZSquareBadaChauraha,Hindi,15:55,Club,200₹,139,22
UttarPradesh,Kanpur,InoxZSquareBadaChauraha,Hindi,15:55,Executive,180₹,30,0
UttarPradesh,NationalCapitalRegionNcr,PvrPebbleFaridabad,Hindi,15:55,Classic,170₹,128,6
UttarPradesh,NationalCapitalRegionNcr,PvrPebbleFaridabad,Hindi,15:55,Prime,210₹,114,58
UttarPradesh,NationalCapitalRegionNcr,PvrPebbleFaridabad,Hindi,15:55,Recliner,450₹,10,10
UttarPradesh,NationalCapitalRegionNcr,SaimCinemasSlfMallSec3033Faridabad,Hindi,16:00,Gold,100₹,66,4
UttarPradesh,NationalCapitalRegionNcr,SaimCinemasSlfMallSec3033Faridabad,Hindi,16:00,Silver,100₹,80,0
Haryana,Palwal,SaimCinemasPalwal,Hindi,16:00,Box,250₹,7,0
Haryana,Palwal,SaimCinemasPalwal,Hindi,16:00,Platinum,200₹,18,0
Haryana,Palwal,SaimCinemasPalwal,Hindi,16:00,Gold,150₹,127,2
Haryana,Palwal,SaimCinemasPalwal,Hindi,16:00,Silver,110₹,105,0
Maharashtra,Nagpur,InoxJaswantTuliMallKampteeRoad,Hindi,16:00,Royale,180₹,76,20
Maharashtra,Nagpur,InoxJaswantTuliMallKampteeRoad,Hindi,16:00,Club,160₹,176,3
Maharashtra,Nagpur,InoxJaswantTuliMallKampteeRoad,Hindi,16:00,Executive,112₹,70,0
Maharashtra,Mumbai,MirajAnupamCinemasGoregaonE,Hindi,16:00,Executive,130₹,28,0
Maharashtra,Mumbai,MirajAnupamCinemasGoregaonE,Hindi,16:00,Gold,130₹,217,67
UttarPradesh,NationalCapitalRegionNcr,DhishoomCinemasEntertainlandSector83Gurugram,Hindi,16:00,Silver,110₹,19,0
UttarPradesh,NationalCapitalRegionNcr,DhishoomCinemasEntertainlandSector83Gurugram,Hindi,16:00,Gold,110₹,49,9
UttarPradesh,NationalCapitalRegionNcr,DhishoomCinemasEntertainlandSector83Gurugram,Hindi,16:00,Platinum,110₹,20,6
Gujarat,Ahmedabad,AbMiniplexShivranjiniCrossRoadSatellite,Hindi,16:00,Sofa,100₹,26,5
Gujarat,Ahmedabad,AbMiniplexShivranjiniCrossRoadSatellite,Hindi,16:00,PremiumSofa,100₹,15,14
MadhyaPradesh,Bhopal,DdxCinemaKolarBhopal,Hindi,16:00,Box,150₹,8,4
MadhyaPradesh,Bhopal,DdxCinemaKolarBhopal,Hindi,16:00,Gold,100₹,89,5
UttarPradesh,Rampur,RadhaStarworldRampur,Hindi,16:00,Prime,110₹,132,0
Maharashtra,Mumbai,Sm5Kalyan,Hindi,16:00,Platinum,130₹,129,35
Maharashtra,Mumbai,Sm5Kalyan,Hindi,16:00,Gold,120₹,120,6
Gujarat,Ahmedabad,CityGoldBopal,Hindi,16:00,Executive,150₹,115,25
Maharashtra,Jalgaon,PvrUtsavJalgaon,Hindi,16:00,Classic,110₹,51,0
Maharashtra,Jalgaon,PvrUtsavJalgaon,Hindi,16:00,ClassicPlus,110₹,120,5
Maharashtra,Jalgaon,PvrUtsavJalgaon,Hindi,16:00,Prime,110₹,55,7
Rajasthan,Bhiwadi,InoxBhiwadiGenesisMall,Hindi,16:00,Royale,190₹,51,17
Rajasthan,Bhiwadi,InoxBhiwadiGenesisMall,Hindi,16:00,Club,170₹,103,6
Rajasthan,Bhiwadi,InoxBhiwadiGenesisMall,Hindi,16:00,Executive,150₹,39,0
Chhattisgarh,Raipur,InoxAmbujaCityCentreRaipur,Hindi,16:00,RoyalRecliner,200₹,19,19
Chhattisgarh,Raipur,InoxAmbujaCityCentreRaipur,Hindi,16:00,Club,130₹,150,64
Chhattisgarh,Raipur,InoxAmbujaCityCentreRaipur,Hindi,16:00,Royal,130₹,38,37
Chhattisgarh,Raipur,InoxAmbujaCityCentreRaipur,Hindi,16:00,Executive,110₹,32,0
Haryana,Karnal,MovietimeKarnal,Hindi,16:00,Gold,99₹,98,25
Haryana,Karnal,MovietimeKarnal,Hindi,16:00,Silver,99₹,44,0
Haryana,Karnal,MovietimeKarnal,Hindi,16:00,Normal,99₹,42,0
UttarPradesh,NationalCapitalRegionNcr,PvrMgfGurgaon,Hindi,16:00,Classic,199₹,104,6
UttarPradesh,NationalCapitalRegionNcr,PvrMgfGurgaon,Hindi,16:00,Prime,199₹,61,51
UttarPradesh,Bijnor,StarworldCinemaBijnor,Hindi,16:00,Platinum,110₹,164,3
UttarPradesh,Bijnor,StarworldCinemaBijnor,Hindi,16:00,Gold,110₹,72,0
Orissa,Kantabanji,AlishanCentralKantabanji,Hindi,16:00,Recliner,400₹,10,0
Orissa,Kantabanji,AlishanCentralKantabanji,Hindi,16:00,Premium,200₹,28,3
Orissa,Kantabanji,AlishanCentralKantabanji,Hindi,16:00,Executive,150₹,84,4
Orissa,Kantabanji,AlishanCentralKantabanji,Hindi,16:00,Lounger,150₹,10,0
Maharashtra,Mumbai,MovieMaxHumaKanjurmarg,Hindi,16:00,Recliner,250₹,14,2
Maharashtra,Mumbai,MovieMaxHumaKanjurmarg,Hindi,16:00,Platinum,150₹,76,30
Maharashtra,Mumbai,MovieMaxHumaKanjurmarg,Hindi,16:00,Gold,150₹,80,8
Maharashtra,Mumbai,MovieMaxHumaKanjurmarg,Hindi,16:00,Silver,150₹,80,1
Maharashtra,Mumbai,PvrLuxePhoenixPalladiumLowerParelMumbai,Hindi,16:00,Prime,950₹,20,0
Maharashtra,Mumbai,PvrLuxePhoenixPalladiumLowerParelMumbai,Hindi,16:00,PrimePlus,950₹,42,12
WestBengal,Jiaganj,MahabirJainMunicipaltyCulturalJiaganj,Hindi,16:00,Balcony,120₹,95,0
WestBengal,Jiaganj,MahabirJainMunicipaltyCulturalJiaganj,Hindi,16:00,RearStall,100₹,286,0
Gujarat,Surat,CineverseMultiplexVesu,Hindi,16:00,Sofa,190₹,55,4
Gujarat,Surat,CineverseMultiplexVesu,Hindi,16:00,Lounger,190₹,8,0
UttarPradesh,Sitapur,ScmCinemasSitapur,Hindi,16:00,Gold,350₹,11,2
UttarPradesh,Sitapur,ScmCinemasSitapur,Hindi,16:00,Premium,112₹,58,20
UttarPradesh,Sitapur,ScmCinemasSitapur,Hindi,16:00,Classic,112₹,91,0
Maharashtra,Mumbai,InoxKorumMallEasternExpressHighwayThane,Hindi,16:00,Royal,360₹,18,17
Maharashtra,Mumbai,InoxKorumMallEasternExpressHighwayThane,Hindi,16:00,Club,230₹,131,63
Maharashtra,Mumbai,InoxKorumMallEasternExpressHighwayThane,Hindi,16:00,Executive,200₹,51,0
Gujarat,Ahmedabad,NyCinemasAhmedabad,Hindi,16:00,Recliner,300₹,15,15
Gujarat,Ahmedabad,NyCinemasAhmedabad,Hindi,16:00,Comforts,200₹,26,13
Gujarat,Ahmedabad,NyCinemasAhmedabad,Hindi,16:00,Prime,180₹,126,2
Gujarat,Ahmedabad,NyCinemasAhmedabad,Hindi,16:00,Classic,150₹,34,0
Bihar,Patna,ConnplexSmartTheatreRajaBazarPatna,Hindi,16:00,Miller,200₹,47,17
Bihar,Patna,ConnplexSmartTheatreRajaBazarPatna,Hindi,16:00,Lounger,200₹,9,8
Rajasthan,Bhiwadi,InoxBhiwadiGenesisMall,Hindi,16:00,Royale,190₹,51,23
Rajasthan,Bhiwadi,InoxBhiwadiGenesisMall,Hindi,16:00,Club,170₹,103,12
Rajasthan,Bhiwadi,InoxBhiwadiGenesisMall,Hindi,16:00,Executive,150₹,39,4
Maharashtra,Pune,CinepolisVipSeasonsMallPune,Hindi,16:00,VipExecutive,350₹,20,0
Maharashtra,Pune,CinepolisVipSeasonsMallPune,Hindi,16:00,VipPremium,400₹,54,26
Gujarat,Surat,RajhansCinemasVesuSurat,Hindi,16:00,Recliner,310₹,14,8
Gujarat,Surat,RajhansCinemasVesuSurat,Hindi,16:00,Executive,180₹,80,32
Gujarat,Surat,RajhansCinemasVesuSurat,Hindi,16:00,Royal,160₹,39,7
Gujarat,Surat,RajhansCinemasVesuSurat,Hindi,16:00,Marvel,140₹,26,4
UttarPradesh,NationalCapitalRegionNcr,MovietimeCinemaCelebrationMallGurugram,Hindi,16:00,Silver,99₹,44,0
UttarPradesh,NationalCapitalRegionNcr,MovietimeCinemaCelebrationMallGurugram,Hindi,16:00,Gold,99₹,44,0
UttarPradesh,NationalCapitalRegionNcr,MovietimeCinemaCelebrationMallGurugram,Hindi,16:00,Online,99₹,39,5
UttarPradesh,NationalCapitalRegionNcr,MovietimeCinemaCelebrationMallGurugram,Hindi,16:00,Platinum,99₹,119,9
UttarPradesh,NationalCapitalRegionNcr,MovietimeCinemaCelebrationMallGurugram,Hindi,16:00,Premier,99₹,21,6
Maharashtra,Gondia,EosCinemasGondia,Hindi,16:00,Gold,100₹,52,0
Maharashtra,Gondia,EosCinemasGondia,Hindi,16:00,Platinum,100₹,62,2
Gujarat,Morbi,DariyalalMultiplexMorbi,Hindi,16:00,Platinum,200₹,98,3
Gujarat,Morbi,DariyalalMultiplexMorbi,Hindi,16:00,Gold,180₹,42,0
Gujarat,Morbi,DariyalalMultiplexMorbi,Hindi,16:00,Silver,150₹,28,0
Gujarat,Morbi,DariyalalMultiplexMorbi,Hindi,16:00,VipClass,300₹,12,6
Chhattisgarh,Raipur,ColorsCinemasRaipur,Hindi,16:00,Recliner,300₹,16,7
Chhattisgarh,Raipur,ColorsCinemasRaipur,Hindi,16:00,Club,100₹,134,59
Chhattisgarh,Raipur,ColorsCinemasRaipur,Hindi,16:00,Premium,100₹,100,0
Rajasthan,Jaipur,InoxJtmMallMalviyaNagar,Hindi,16:00,RoyaleRecliner,300₹,10,2
Rajasthan,Jaipur,InoxJtmMallMalviyaNagar,Hindi,16:00,Royale,200₹,28,0
Rajasthan,Jaipur,InoxJtmMallMalviyaNagar,Hindi,16:00,Club,180₹,56,2
Rajasthan,Jaipur,InoxJtmMallMalviyaNagar,Hindi,16:00,Executive,160₹,14,0
UttarPradesh,Lucknow,InoxEmeraldMallLucknow,Hindi,16:05,Royale,180₹,83,35
UttarPradesh,Lucknow,InoxEmeraldMallLucknow,Hindi,16:05,Club,170₹,70,7
UttarPradesh,Lucknow,InoxEmeraldMallLucknow,Hindi,16:05,Executive,160₹,28,2
Haryana,Chandigarh,FunCinemasRepublicMallChandigarh,Hindi,16:05,Normal,140₹,60,0
Haryana,Chandigarh,FunCinemasRepublicMallChandigarh,Hindi,16:05,Executive,150₹,152,16
MadhyaPradesh,Indore,InoxPhoenixCitadelMallIndore,Hindi,16:05,Royal,280₹,49,27
MadhyaPradesh,Indore,InoxPhoenixCitadelMallIndore,Hindi,16:05,Club,260₹,123,21
MadhyaPradesh,Indore,InoxPhoenixCitadelMallIndore,Hindi,16:05,Executive,240₹,22,0
Maharashtra,Mumbai,PvrCitiMallAndheriW,Hindi,16:05,Classic,250₹,46,0
Maharashtra,Mumbai,PvrCitiMallAndheriW,Hindi,16:05,Prime,290₹,146,17
Maharashtra,Mumbai,PvrCitiMallAndheriW,Hindi,16:05,Recliner,460₹,24,10
Haryana,Chandigarh,PvrVrPunjabMallMohali,Hindi,16:05,Classic,150₹,120,11
Haryana,Chandigarh,PvrVrPunjabMallMohali,Hindi,16:05,Prime,150₹,42,39
UttarPradesh,Lucknow,InoxRiversideMallGomtiNagar,Hindi,16:05,Club,150₹,103,27
UttarPradesh,Lucknow,InoxRiversideMallGomtiNagar,Hindi,16:05,Executive,140₹,20,0
Maharashtra,Mumbai,PvrLodhaXperiaPalava,Hindi,16:05,Classic,180₹,36,0
Maharashtra,Mumbai,PvrLodhaXperiaPalava,Hindi,16:05,Prime,200₹,126,29
Maharashtra,Mumbai,PvrLodhaXperiaPalava,Hindi,16:05,Recliner,290₹,12,12
UttarPradesh,Lucknow,InoxCrownMallLucknow,Hindi,16:05,RoyaleRecliners,400₹,13,0
UttarPradesh,Lucknow,InoxCrownMallLucknow,Hindi,16:05,Club,190₹,95,2
UttarPradesh,Lucknow,InoxCrownMallLucknow,Hindi,16:05,Royale,190₹,45,25
UttarPradesh,Lucknow,InoxCrownMallLucknow,Hindi,16:05,Executive,150₹,26,0
Rajasthan,Kota,FunCinemasCityMallKota,Hindi,16:05,Normal,150₹,60,6
Rajasthan,Kota,FunCinemasCityMallKota,Hindi,16:05,Executive,150₹,104,39
Maharashtra,Mumbai,InoxLaserplexCr2NarimanPoint,Hindi,16:05,Royale,350₹,93,16
Maharashtra,Mumbai,InoxLaserplexCr2NarimanPoint,Hindi,16:05,Club,330₹,160,8
UttarPradesh,NationalCapitalRegionNcr,InoxOdeonConnaughtPlace,Hindi,16:10,Platinum,393₹,32,20
UttarPradesh,NationalCapitalRegionNcr,InoxOdeonConnaughtPlace,Hindi,16:10,Gold,245₹,252,43
MadhyaPradesh,Bhopal,CinepolisAashimaMallBhopal,Hindi,16:10,Normal,160₹,30,0
MadhyaPradesh,Bhopal,CinepolisAashimaMallBhopal,Hindi,16:10,Executive,160₹,102,4
MadhyaPradesh,Bhopal,CinepolisAashimaMallBhopal,Hindi,16:10,Premium,160₹,83,24
Rajasthan,Jaipur,InoxGtCentralMallJaipur,Hindi,16:10,Royale,240₹,42,32
Rajasthan,Jaipur,InoxGtCentralMallJaipur,Hindi,16:10,Club,220₹,160,12
Rajasthan,Jaipur,InoxGtCentralMallJaipur,Hindi,16:10,Executive,200₹,30,7
Maharashtra,Nashik,CinemaxCityCenterNashik,Hindi,16:10,Classic,210₹,34,0
Maharashtra,Nashik,CinemaxCityCenterNashik,Hindi,16:10,Prime,220₹,139,61
Maharashtra,Nashik,CinemaxCityCenterNashik,Hindi,16:10,Recliner,390₹,18,18
UttarPradesh,Sultanpur,VknsCinemasSultanpur,Hindi,16:10,Platinum,150₹,8,3
UttarPradesh,Sultanpur,VknsCinemasSultanpur,Hindi,16:10,Gold,150₹,53,12
UttarPradesh,Sultanpur,VknsCinemasSultanpur,Hindi,16:10,Silver,150₹,33,0
Orissa,Jharsuguda,EylexCinemaJharsuguda,Hindi,16:10,Diamond,100₹,13,11
Orissa,Jharsuguda,EylexCinemaJharsuguda,Hindi,16:10,Platinum,100₹,84,3
Gujarat,Surat,RoongtaCinemasSurat,Hindi,16:15,RoyalRecliner,400₹,11,10
Gujarat,Surat,RoongtaCinemasSurat,Hindi,16:15,RoyalSofa,250₹,66,5
Gujarat,Surat,RoongtaCinemasSurat,Hindi,16:15,Lounger,190₹,9,0
MadhyaPradesh,Indore,InoxNexusIndoreCentralMallRegalSquare,Hindi,16:15,Club,240₹,214,46
MadhyaPradesh,Indore,InoxNexusIndoreCentralMallRegalSquare,Hindi,16:15,Executive,210₹,39,0
HimachalPradesh,Baddi,ConnplexSmartTheatreBaddi,Hindi,16:15,Lounger,200₹,9,0
HimachalPradesh,Baddi,ConnplexSmartTheatreBaddi,Hindi,16:15,Miller,150₹,49,12
MadhyaPradesh,Jabalpur,SamdareeyaEraCinemaJabalpur,Hindi,16:15,Platinum,99₹,82,25
MadhyaPradesh,Jabalpur,SamdareeyaEraCinemaJabalpur,Hindi,16:15,Gold,99₹,180,8
MadhyaPradesh,Jabalpur,SamdareeyaEraCinemaJabalpur,Hindi,16:15,Silver,99₹,76,0
Bihar,Patna,ConnplexSmartTheatreSpVermaRoadPatna,Hindi,16:15,Loungers,200₹,11,9
Bihar,Patna,ConnplexSmartTheatreSpVermaRoadPatna,Hindi,16:15,Miller,200₹,63,18
UttarPradesh,NationalCapitalRegionNcr,CinepolisUnityOneMallRohiniDelhi,Hindi,16:15,Normal,250₹,26,0
UttarPradesh,NationalCapitalRegionNcr,CinepolisUnityOneMallRohiniDelhi,Hindi,16:15,Executive,260₹,122,30
UttarPradesh,NationalCapitalRegionNcr,CinepolisUnityOneMallRohiniDelhi,Hindi,16:15,Vip,400₹,21,6
Rajasthan,Sikar,CineSquareCinemasSikar,Hindi,16:15,Premium,150₹,32,0
Rajasthan,Sikar,CineSquareCinemasSikar,Hindi,16:15,Royale,170₹,112,2
Rajasthan,Sikar,CineSquareCinemasSikar,Hindi,16:15,Luxury,190₹,6,0
UttarPradesh,NationalCapitalRegionNcr,FunCinemasTdiMallMotiNagar,Hindi,16:15,Normal,180₹,74,0
UttarPradesh,NationalCapitalRegionNcr,FunCinemasTdiMallMotiNagar,Hindi,16:15,Executive,190₹,128,33
UttarPradesh,NationalCapitalRegionNcr,MovieMaxPacificMall,Hindi,16:15,Club,220₹,92,20
UttarPradesh,NationalCapitalRegionNcr,MovieMaxPacificMall,Hindi,16:15,Premium,220₹,146,10
UttarPradesh,NationalCapitalRegionNcr,MovieMaxPacificMall,Hindi,16:15,Executive,200₹,92,0
Gujarat,Gandhinagar,InoxR16Gandhinagar,Hindi,16:15,Platinum,190₹,8,6
Gujarat,Gandhinagar,InoxR16Gandhinagar,Hindi,16:15,Gold,140₹,116,19
Gujarat,Gandhinagar,InoxR16Gandhinagar,Hindi,16:15,Silver,100₹,22,0
Bihar,Katihar,ConnplexSmartTheatreKatihar,Hindi,16:15,Lounger,280₹,11,0
Bihar,Katihar,ConnplexSmartTheatreKatihar,Hindi,16:15,Miller,250₹,59,2
UttarPradesh,NationalCapitalRegionNcr,UsCinemasAdityaMallIndirapuram,Hindi,16:15,Luxury,150₹,95,4
UttarPradesh,NationalCapitalRegionNcr,UsCinemasAdityaMallIndirapuram,Hindi,16:15,LuxuryPlus,180₹,102,14
Maharashtra,Mumbai,InoxInsigniaAtAtriaMallWorli,Hindi,16:15,Insignia,"1,050₹",30,20
MadhyaPradesh,Indore,CineSquareCinemasAirportRoadIndore,Hindi,16:15,Premium,180₹,26,0
MadhyaPradesh,Indore,CineSquareCinemasAirportRoadIndore,Hindi,16:15,Royal,200₹,104,7
MadhyaPradesh,Indore,CineSquareCinemasAirportRoadIndore,Hindi,16:15,Luxury,250₹,5,2
UttarPradesh,NationalCapitalRegionNcr,RrCinemaJaipuriaMall,Hindi,16:15,PremiumSofa,300₹,21,2
UttarPradesh,NationalCapitalRegionNcr,RrCinemaJaipuriaMall,Hindi,16:15,Gold,180₹,252,16
UttarPradesh,NationalCapitalRegionNcr,RrCinemaJaipuriaMall,Hindi,16:15,Silver,150₹,100,0
UttarPradesh,Lucknow,NoveltyMgsCinemasDolbyAtmosLalbagh,Hindi,16:15,Classic,150₹,215,13
Maharashtra,Mumbai,CinepolisFunRepublicMallAndheriW,Hindi,16:20,Normal,220₹,40,0
Maharashtra,Mumbai,CinepolisFunRepublicMallAndheriW,Hindi,16:20,Executive,240₹,125,26
Maharashtra,Mumbai,CinepolisFunRepublicMallAndheriW,Hindi,16:20,Premium,260₹,73,40
Maharashtra,Mumbai,CinepolisFunRepublicMallAndheriW,Hindi,16:20,Vip,420₹,20,16
UttarPradesh,NationalCapitalRegionNcr,PvrAnupamSaketDelhi,Hindi,16:20,Classic,150₹,52,36
UttarPradesh,NationalCapitalRegionNcr,PvrAnupamSaketDelhi,Hindi,16:20,Prime,150₹,41,40
Maharashtra,Pune,PvrIconThePavillionPune,Hindi,16:20,Classic,280₹,28,0
Maharashtra,Pune,PvrIconThePavillionPune,Hindi,16:20,Prime,310₹,148,58
Maharashtra,Pune,PvrIconThePavillionPune,Hindi,16:20,Recliner,710₹,8,8
Rajasthan,Jaipur,InoxCrystalPalmCScheme,Hindi,16:20,Royal,240₹,16,13
Rajasthan,Jaipur,InoxCrystalPalmCScheme,Hindi,16:20,Club,200₹,129,27
Rajasthan,Jaipur,InoxCrystalPalmCScheme,Hindi,16:20,Executive,180₹,57,0
Gujarat,Ahmedabad,PvrArvedTranscubeAhmedabad,Hindi,16:20,Classic,140₹,54,10
Gujarat,Ahmedabad,PvrArvedTranscubeAhmedabad,Hindi,16:20,Prime,175₹,188,90
Gujarat,Ahmedabad,PvrArvedTranscubeAhmedabad,Hindi,16:20,Recliner,300₹,12,12
Maharashtra,Pune,CinepolisSeasonsMallPune,Hindi,16:20,Normal,180₹,23,0
Maharashtra,Pune,CinepolisSeasonsMallPune,Hindi,16:20,Executive,180₹,68,38
Maharashtra,Pune,CinepolisSeasonsMallPune,Hindi,16:20,Premium,180₹,40,36
Maharashtra,Pune,PvrCityOneMallPimpri,Hindi,16:20,Classic,140₹,26,5
Maharashtra,Pune,PvrCityOneMallPimpri,Hindi,16:20,Prime,170₹,98,52
Maharashtra,Mumbai,PvrHaseenBhiwandi,Hindi,16:20,Classic,130₹,15,0
Maharashtra,Mumbai,PvrHaseenBhiwandi,Hindi,16:20,Prime,150₹,63,0
Rajasthan,Jaipur,InoxSunnyTradeCenterJaipur,Hindi,16:20,RoyaleRecliners,310₹,16,14
Rajasthan,Jaipur,InoxSunnyTradeCenterJaipur,Hindi,16:20,Royal,200₹,66,45
Rajasthan,Jaipur,InoxSunnyTradeCenterJaipur,Hindi,16:20,Club,180₹,146,0
Rajasthan,Jaipur,InoxSunnyTradeCenterJaipur,Hindi,16:20,Executive,160₹,40,4
Rajasthan,Jodhpur,InoxAnsalRoyalPlaza,Hindi,16:20,RoyalRecliner,390₹,8,8
Rajasthan,Jodhpur,InoxAnsalRoyalPlaza,Hindi,16:20,Royale,200₹,50,32
Rajasthan,Jodhpur,InoxAnsalRoyalPlaza,Hindi,16:20,Club,180₹,122,21
Rajasthan,Jodhpur,InoxAnsalRoyalPlaza,Hindi,16:20,Executive,160₹,34,2
UttarPradesh,NationalCapitalRegionNcr,PvrLogixNoida,Hindi,16:20,Classic,340₹,99,57
Bihar,Muzaffarpur,PjpCinemasMuzaffarpur,Hindi,16:20,Normal,160₹,30,0
Bihar,Muzaffarpur,PjpCinemasMuzaffarpur,Hindi,16:20,Executive,180₹,102,7
Bihar,Muzaffarpur,PjpCinemasMuzaffarpur,Hindi,16:20,Premium,200₹,81,34
UttarPradesh,Agra,SarvCinemasAgra,Hindi,16:20,Platinum,300₹,16,2
UttarPradesh,Agra,SarvCinemasAgra,Hindi,16:20,Gold,150₹,226,16
UttarPradesh,Agra,SarvCinemasAgra,Hindi,16:20,Silver,100₹,128,0
UttarPradesh,Lucknow,FunCinemasFunRepublicMallLucknow,Hindi,16:25,Normal,150₹,80,0
UttarPradesh,Lucknow,FunCinemasFunRepublicMallLucknow,Hindi,16:25,Executive,170₹,137,16
Maharashtra,Mumbai,CinepolisNexusSeawoodsNaviMumbai,Hindi,16:25,Normal,200₹,32,0
Maharashtra,Mumbai,CinepolisNexusSeawoodsNaviMumbai,Hindi,16:25,Executive,220₹,91,35
Maharashtra,Mumbai,CinepolisNexusSeawoodsNaviMumbai,Hindi,16:25,Premium,240₹,80,65
Maharashtra,Mumbai,CinepolisNexusSeawoodsNaviMumbai,Hindi,16:25,Vip,440₹,14,14
UttarPradesh,NationalCapitalRegionNcr,CinepolisCrossRiverMallShahdara,Hindi,16:25,Normal,240₹,159,2
UttarPradesh,NationalCapitalRegionNcr,CinepolisCrossRiverMallShahdara,Hindi,16:25,Executive,250₹,140,51
UttarPradesh,NationalCapitalRegionNcr,CinepolisCrossRiverMallShahdara,Hindi,16:25,Vip,400₹,11,5
Rajasthan,Jaipur,CinepolisWorldTradeParkMallJaipur,Hindi,16:25,Normal,220₹,46,0
Rajasthan,Jaipur,CinepolisWorldTradeParkMallJaipur,Hindi,16:25,Executive,240₹,114,23
Rajasthan,Jaipur,CinepolisWorldTradeParkMallJaipur,Hindi,16:25,Premium,260₹,31,30
Haryana,Chandigarh,PvrElanteChandigarh,Hindi,16:25,Classic,230₹,160,60
Haryana,Chandigarh,PvrElanteChandigarh,Hindi,16:25,Recliner,650₹,26,11
UttarPradesh,NationalCapitalRegionNcr,CinepolisV3SMallLaxmiNagar,Hindi,16:25,Normal,240₹,162,1
UttarPradesh,NationalCapitalRegionNcr,CinepolisV3SMallLaxmiNagar,Hindi,16:25,Executive,250₹,184,79
Gujarat,Surat,InoxRelianceMallSurat,Hindi,16:25,RoyalRecliner,370₹,12,7
Gujarat,Surat,InoxRelianceMallSurat,Hindi,16:25,Royal,210₹,42,22
Gujarat,Surat,InoxRelianceMallSurat,Hindi,16:25,Club,190₹,55,10
Gujarat,Surat,InoxRelianceMallSurat,Hindi,16:25,Executive,170₹,16,0
Rajasthan,Udaipur,InoxLakeCityMall,Hindi,16:25,Royal,330₹,18,16
Rajasthan,Udaipur,InoxLakeCityMall,Hindi,16:25,Club,170₹,166,57
Rajasthan,Udaipur,InoxLakeCityMall,Hindi,16:25,Executive,150₹,36,7
UttarPradesh,NationalCapitalRegionNcr,CinepolisJanakCinemaNewDelhi,Hindi,16:30,Normal,220₹,32,0
UttarPradesh,NationalCapitalRegionNcr,CinepolisJanakCinemaNewDelhi,Hindi,16:30,Executive,240₹,124,19
UttarPradesh,NationalCapitalRegionNcr,CinepolisJanakCinemaNewDelhi,Hindi,16:30,Premium,260₹,65,10
Maharashtra,Mumbai,MovietimeTheHubGoregaon,Hindi,16:30,Gold,180₹,196,68
Maharashtra,Mumbai,MovieMaxWonderMallThane,Hindi,16:30,Classic,140₹,66,7
Maharashtra,Mumbai,MovieMaxWonderMallThane,Hindi,16:30,Prime,160₹,154,38
Maharashtra,Mumbai,MovieMaxWonderMallThane,Hindi,16:30,PrimePlus,180₹,32,16
Maharashtra,Mumbai,InoxRaghuleelaMallVashi,Hindi,16:30,Silver,210₹,32,25
Maharashtra,Mumbai,InoxRaghuleelaMallVashi,Hindi,16:30,Premier,200₹,89,23
Maharashtra,Mumbai,InoxRaghuleelaMallVashi,Hindi,16:30,Executive,180₹,22,0
UttarPradesh,NationalCapitalRegionNcr,UsCinemaEuropaGalaxyBlueSapphire,Hindi,16:30,Lux,160₹,80,0
UttarPradesh,NationalCapitalRegionNcr,UsCinemaEuropaGalaxyBlueSapphire,Hindi,16:30,LuxPlus,190₹,143,25
Haryana,Chandigarh,RajhansCinemasPanchkula,Hindi,16:30,Executive,180₹,154,16
Haryana,Chandigarh,RajhansCinemasPanchkula,Hindi,16:30,Royal,150₹,34,0
Haryana,Chandigarh,RajhansCinemasPanchkula,Hindi,16:30,Marvel,130₹,17,0
Gujarat,Gandhinagar,InoxGandhinagarAdalaj,Hindi,16:30,Platinum,190₹,42,16
Gujarat,Gandhinagar,InoxGandhinagarAdalaj,Hindi,16:30,Gold,140₹,130,13
Gujarat,Gandhinagar,InoxGandhinagarAdalaj,Hindi,16:30,Silver,112₹,300,0
Maharashtra,Ahmednagar,ConnplexSmartTheatreAhmednagar,Hindi,16:30,Millar,300₹,74,25
Maharashtra,Ahmednagar,ConnplexSmartTheatreAhmednagar,Hindi,16:30,Lounger,350₹,8,3
UttarPradesh,Ghazipur,AvStarCinemaGhazipur,Hindi,16:30,Diamond,200₹,37,0
UttarPradesh,Ghazipur,AvStarCinemaGhazipur,Hindi,16:30,Gold,190₹,73,0
UttarPradesh,Ghazipur,AvStarCinemaGhazipur,Hindi,16:30,Silver,170₹,130,0
UttarPradesh,Lucknow,CinepolisOneAwadhCentreLucknow,Hindi,16:30,Normal,160₹,25,10
UttarPradesh,Lucknow,CinepolisOneAwadhCentreLucknow,Hindi,16:30,Executive,180₹,69,7
UttarPradesh,Lucknow,CinepolisOneAwadhCentreLucknow,Hindi,16:30,Premium,200₹,51,22
UttarPradesh,Lucknow,CinepolisOneAwadhCentreLucknow,Hindi,16:30,Vip,450₹,18,15
Gujarat,Morbi,NexusCinemaMorbi,Hindi,16:30,Recliner,500₹,17,4
Gujarat,Morbi,NexusCinemaMorbi,Hindi,16:30,Platinum,400₹,17,0
Gujarat,Morbi,NexusCinemaMorbi,Hindi,16:30,Gold,300₹,176,9
Gujarat,Morbi,NexusCinemaMorbi,Hindi,16:30,Silver,200₹,66,0
Gujarat,Ahmedabad,MuktaA2CinemasGulmoharParkMallSatelliteRd,Hindi,16:31,Gold,130₹,77,10
Gujarat,Ahmedabad,MuktaA2CinemasGulmoharParkMallSatelliteRd,Hindi,16:31,Premium,130₹,25,18
Rajasthan,Kota,InoxAhluwaliasGreatMallKota,Hindi,16:35,Club,140₹,114,16
Rajasthan,Kota,InoxAhluwaliasGreatMallKota,Hindi,16:35,Executive,140₹,54,0
Rajasthan,Kota,InoxAhluwaliasGreatMallKota,Hindi,16:35,Royale,140₹,55,39
Orissa,Rourkela,PvrForumMallRourkela,Hindi,16:35,Classic,160₹,28,2
Orissa,Rourkela,PvrForumMallRourkela,Hindi,16:35,Prime,210₹,98,19
Orissa,Rourkela,PvrForumMallRourkela,Hindi,16:35,PrimePlus,260₹,13,13
UttarPradesh,PrayagrajAllahabad,PvrVinayakPrayagraj,Hindi,16:35,Classic,240₹,136,15
UttarPradesh,PrayagrajAllahabad,PvrVinayakPrayagraj,Hindi,16:35,Prime,250₹,80,54
UttarPradesh,PrayagrajAllahabad,PvrVinayakPrayagraj,Hindi,16:35,Recliner,400₹,10,5
UttarPradesh,NationalCapitalRegionNcr,CinepolisGrandVeniceMallGreaterNoida,Hindi,16:40,Normal,150₹,26,0
UttarPradesh,NationalCapitalRegionNcr,CinepolisGrandVeniceMallGreaterNoida,Hindi,16:40,Executive,160₹,77,8
UttarPradesh,NationalCapitalRegionNcr,CinepolisGrandVeniceMallGreaterNoida,Hindi,16:40,Premium,170₹,42,27
Maharashtra,Mumbai,InoxNeelyogGhatkoparE,Hindi,16:40,Executive,170₹,40,3
Maharashtra,Mumbai,InoxNeelyogGhatkoparE,Hindi,16:40,Premier,170₹,160,18
Maharashtra,Mumbai,InoxNeelyogGhatkoparE,Hindi,16:40,Silver,170₹,89,49
Gujarat,Ahmedabad,BananaSmartplexAhmedabad,Hindi,16:40,Lounger,260₹,12,2
Gujarat,Ahmedabad,BananaSmartplexAhmedabad,Hindi,16:40,Premium,210₹,82,21
UttarPradesh,Kanpur,MirajCinemasGurdevPammiKanpur,Hindi,16:40,FirstClass,150₹,33,0
UttarPradesh,Kanpur,MirajCinemasGurdevPammiKanpur,Hindi,16:40,Family,150₹,66,6
UttarPradesh,Kanpur,MirajCinemasGurdevPammiKanpur,Hindi,16:40,Balcony,170₹,102,19
UttarPradesh,NationalCapitalRegionNcr,MirajCinemasVikasCineMallShahdara,Hindi,16:40,Special,180₹,144,1
UttarPradesh,NationalCapitalRegionNcr,MirajCinemasVikasCineMallShahdara,Hindi,16:40,Executive,200₹,159,2
Jharkhand,Ranchi,FunCinemasSpringcityRanchi,Hindi,16:40,Recliner,400₹,12,2
Jharkhand,Ranchi,FunCinemasSpringcityRanchi,Hindi,16:40,PlatinumPlus,100₹,13,4
Jharkhand,Ranchi,FunCinemasSpringcityRanchi,Hindi,16:40,Platinum,100₹,58,10
Jharkhand,Ranchi,FunCinemasSpringcityRanchi,Hindi,16:40,Gold,100₹,105,2
Jharkhand,Ranchi,FunCinemasSpringcityRanchi,Hindi,16:40,Silver,100₹,30,0
UttarPradesh,NationalCapitalRegionNcr,InoxGurgaonSapphire83,Hindi,16:45,RoyalRecliner,330₹,8,0
UttarPradesh,NationalCapitalRegionNcr,InoxGurgaonSapphire83,Hindi,16:45,Royal,230₹,144,24
UttarPradesh,NationalCapitalRegionNcr,InoxGurgaonSapphire83,Hindi,16:45,Club,210₹,36,0
UttarPradesh,Varanasi,JhvCinemasVaranasi,Hindi,16:45,Gold,300₹,42,8
UttarPradesh,Varanasi,JhvCinemasVaranasi,Hindi,16:45,SilverPlus,250₹,219,46
UttarPradesh,Varanasi,JhvCinemasVaranasi,Hindi,16:45,Silver,200₹,84,4
Maharashtra,Pune,InoxAmanoraTownCentreHadapsar,Hindi,16:45,Royale,340₹,14,9
Maharashtra,Pune,InoxAmanoraTownCentreHadapsar,Hindi,16:45,Club,180₹,240,55
Maharashtra,Pune,InoxAmanoraTownCentreHadapsar,Hindi,16:45,Executive,180₹,32,0
Rajasthan,Bhilwara,InoxRelianceMallBhilwara,Hindi,16:45,RoyaleRecliners,400₹,14,3
Rajasthan,Bhilwara,InoxRelianceMallBhilwara,Hindi,16:45,Royale,220₹,34,16
Rajasthan,Bhilwara,InoxRelianceMallBhilwara,Hindi,16:45,Club,180₹,112,8
Rajasthan,Bhilwara,InoxRelianceMallBhilwara,Hindi,16:45,Executive,112₹,26,4
Haryana,Bahadurgarh,MovietimeBahadurgarh,Hindi,16:45,Silver,99₹,60,0
Haryana,Bahadurgarh,MovietimeBahadurgarh,Hindi,16:45,Gold,99₹,83,9
UttarPradesh,Lucknow,FunCinemasFunRepublicMallLucknow,Hindi,16:45,Normal,150₹,80,0
UttarPradesh,Lucknow,FunCinemasFunRepublicMallLucknow,Hindi,16:45,Executive,170₹,137,34
Gujarat,Ahmedabad,TimeCinemaCgRoadAhmedabad,Hindi,16:45,Infinity,"1,030₹",12,0
Gujarat,Vadodara,CinemarcViharPratapnagar,Hindi,16:45,Sofa,130₹,19,0
Gujarat,Vadodara,CinemarcViharPratapnagar,Hindi,16:45,Executive,100₹,108,6
Gujarat,Vadodara,CinemarcViharPratapnagar,Hindi,16:45,Silver,100₹,108,0
Gujarat,Vadodara,CinemarcViharPratapnagar,Hindi,16:45,Premier,100₹,30,0
Gujarat,Surat,TimeCinemaGalaxyCirclePalSurat,Hindi,16:45,Standard,200₹,96,2
Karnataka,Bengaluru,PvrOrionMallDrRajkumarRoad,Hindi,16:45,Classic,240₹,140,0
Karnataka,Bengaluru,PvrOrionMallDrRajkumarRoad,Hindi,16:45,Prime,260₹,120,54
Karnataka,Bengaluru,PvrOrionMallDrRajkumarRoad,Hindi,16:45,Recliner,420₹,33,10
WestBengal,Siliguri,InoxVegaCircleMallSiliguri,Hindi,16:45,Gold,250₹,31,31
WestBengal,Siliguri,InoxVegaCircleMallSiliguri,Hindi,16:45,Royal,220₹,126,10
WestBengal,Siliguri,InoxVegaCircleMallSiliguri,Hindi,16:45,Club,200₹,28,0
WestBengal,Siliguri,InoxVegaCircleMallSiliguri,Hindi,16:45,Executive,200₹,28,0
Telangana,Hyderabad,InoxMaheshwari,Hindi,16:45,Executive,150₹,161,69
Gujarat,Vapi,AnantCinemaVapi,Hindi,16:45,Sofa,150₹,66,0
Gujarat,Vapi,AnantCinemaVapi,Hindi,16:45,Lounger,150₹,10,2
UttarPradesh,NationalCapitalRegionNcr,GurugramPvrDirectorSCutAmbienceMall,Hindi,16:50,Platinum,600₹,54,46
UttarPradesh,NationalCapitalRegionNcr,GurugramPvrDirectorSCutAmbienceMall,Hindi,16:50,PlatinumSuperior,600₹,17,17
Maharashtra,Mumbai,CinepolisVivianaMallThane,Hindi,16:50,Normal,170₹,25,0
Maharashtra,Mumbai,CinepolisVivianaMallThane,Hindi,16:50,Executive,190₹,97,55
Maharashtra,Mumbai,CinepolisVivianaMallThane,Hindi,16:50,Premium,210₹,43,29
Maharashtra,Mumbai,PvrOrionMallPanvel,Hindi,16:50,Classic,220₹,28,2
Maharashtra,Mumbai,PvrOrionMallPanvel,Hindi,16:50,Prime,240₹,115,26
Maharashtra,Mumbai,PvrOrionMallPanvel,Hindi,16:50,PrimePlus,260₹,34,11
Maharashtra,Pune,RajhansCinemas93AvenueMallFatimaNagarPune,Hindi,16:55,Recliner,340₹,16,5
Maharashtra,Pune,RajhansCinemas93AvenueMallFatimaNagarPune,Hindi,16:55,Executive,180₹,84,19
Maharashtra,Pune,RajhansCinemas93AvenueMallFatimaNagarPune,Hindi,16:55,Royal,180₹,48,0
Maharashtra,Pune,RajhansCinemas93AvenueMallFatimaNagarPune,Hindi,16:55,Marvel,160₹,24,0
Haryana,Panipat,FunCinemasMittalMegaMallPanipat,Hindi,16:55,Normal,150₹,60,0
Haryana,Panipat,FunCinemasMittalMegaMallPanipat,Hindi,16:55,Executive,150₹,150,24
HimachalPradesh,Una,RajhansCinemasMrcMagnumMallIsbtUna,Hindi,17:00,Executive,170₹,124,3
HimachalPradesh,Una,RajhansCinemasMrcMagnumMallIsbtUna,Hindi,17:00,Royal,150₹,32,0
HimachalPradesh,Una,RajhansCinemasMrcMagnumMallIsbtUna,Hindi,17:00,Marvel,130₹,16,0
Orissa,Bhawanipatna,BhagirathiMultiplexBhawanipatna,Hindi,17:00,Recliner,300₹,8,3
Orissa,Bhawanipatna,BhagirathiMultiplexBhawanipatna,Hindi,17:00,Platinum,180₹,91,8
Orissa,Bhawanipatna,BhagirathiMultiplexBhawanipatna,Hindi,17:00,Gold,100₹,52,0
Gujarat,Rajkot,CosmoplexMultiplexRajkot,Hindi,17:00,Club,250₹,65,32
Punjab,Khanna,PvrTheCelebrationMallKhanna,Hindi,17:00,Classic,150₹,78,2
Punjab,Khanna,PvrTheCelebrationMallKhanna,Hindi,17:00,Prime,150₹,82,27
Punjab,Pathankot,PvrNoveltyMallPathankot,Hindi,17:00,Classic,130₹,56,0
Punjab,Pathankot,PvrNoveltyMallPathankot,Hindi,17:00,Prime,150₹,33,5
Punjab,Pathankot,PvrNoveltyMallPathankot,Hindi,17:00,PrimePlus,170₹,105,15
Gujarat,Bharuch,RajhansCinemasGoldenSquareBharuch,Hindi,17:00,Recliner,250₹,21,7
Gujarat,Bharuch,RajhansCinemasGoldenSquareBharuch,Hindi,17:00,Executive,130₹,126,36
Gujarat,Bharuch,RajhansCinemasGoldenSquareBharuch,Hindi,17:00,Royal,110₹,34,0
Gujarat,Bharuch,RajhansCinemasGoldenSquareBharuch,Hindi,17:00,Marvel,100₹,34,0
Uttarakhand,Almora,StarplexxCinemazAlmora,Hindi,17:00,VipBox,250₹,4,0
Uttarakhand,Almora,StarplexxCinemazAlmora,Hindi,17:00,Platinum,180₹,60,0
Uttarakhand,Almora,StarplexxCinemazAlmora,Hindi,17:00,Gold,140₹,121,0
Uttarakhand,Almora,StarplexxCinemazAlmora,Hindi,17:00,Silver,100₹,51,0
Gujarat,Ahmedabad,MirajCityPulseAhmedabad,Hindi,17:00,Gold,180₹,56,5
UttarPradesh,NationalCapitalRegionNcr,RajhansCinemasGalaxyDiamondPlazaGreaterNoida,Hindi,17:00,Recliner,350₹,14,0
UttarPradesh,NationalCapitalRegionNcr,RajhansCinemasGalaxyDiamondPlazaGreaterNoida,Hindi,17:00,Executive,220₹,82,0
UttarPradesh,NationalCapitalRegionNcr,RajhansCinemasGalaxyDiamondPlazaGreaterNoida,Hindi,17:00,Royal,210₹,33,0
UttarPradesh,NationalCapitalRegionNcr,RajhansCinemasGalaxyDiamondPlazaGreaterNoida,Hindi,17:00,Marvel,200₹,22,0
Maharashtra,Pune,CityPrideSataraRoad,Hindi,17:00,RoyalGold,180₹,81,9
Maharashtra,Pune,CityPrideSataraRoad,Hindi,17:00,RoyalSilver,160₹,9,0
Gujarat,Surat,RajImperialInoxVarachhaRoadSurat,Hindi,17:00,Imperial,370₹,10,5
Gujarat,Surat,RajImperialInoxVarachhaRoadSurat,Hindi,17:00,Platinum,200₹,45,17
Gujarat,Surat,RajImperialInoxVarachhaRoadSurat,Hindi,17:00,Gold,180₹,150,19
Gujarat,Surat,RajImperialInoxVarachhaRoadSurat,Hindi,17:00,Silver,160₹,32,0
MadhyaPradesh,Indore,InoxC21Mall,Hindi,17:00,Insignia,500₹,42,18
Orissa,Bhawanipatna,NewStarCineplexBhawanipatna,Hindi,17:00,Platinum,300₹,6,0
Orissa,Bhawanipatna,NewStarCineplexBhawanipatna,Hindi,17:00,Gold,180₹,88,0
Orissa,Bhawanipatna,NewStarCineplexBhawanipatna,Hindi,17:00,Silver,100₹,66,3
Maharashtra,Pune,CityPrideRoyalCinemasRahatani,Hindi,17:00,RoyalSofa,180₹,12,7
Maharashtra,Pune,CityPrideRoyalCinemasRahatani,Hindi,17:00,RoyalGold,160₹,176,11
Maharashtra,Pune,CityPrideRoyalCinemasRahatani,Hindi,17:00,RoyalSilver,140₹,53,0
Uttarakhand,Dehradun,PvrPacificDehradun,Hindi,17:00,Classic,240₹,24,0
Uttarakhand,Dehradun,PvrPacificDehradun,Hindi,17:00,Prime,280₹,84,42
UttarPradesh,NationalCapitalRegionNcr,CinepolisSmartBharatMallFormerlySpiceMall,Hindi,17:05,Premium,200₹,40,25
UttarPradesh,NationalCapitalRegionNcr,CinepolisSmartBharatMallFormerlySpiceMall,Hindi,17:05,Classic,200₹,65,14
UttarPradesh,NationalCapitalRegionNcr,CinepolisAiriaMallSohnaRoadGurgaon,Hindi,17:05,Normal,150₹,29,0
UttarPradesh,NationalCapitalRegionNcr,CinepolisAiriaMallSohnaRoadGurgaon,Hindi,17:05,Executive,150₹,60,13
UttarPradesh,NationalCapitalRegionNcr,CinepolisAiriaMallSohnaRoadGurgaon,Hindi,17:05,Premium,150₹,45,29
UttarPradesh,NationalCapitalRegionNcr,CinepolisAiriaMallSohnaRoadGurgaon,Hindi,17:05,Vip,300₹,8,8
UttarPradesh,Agra,VimalCineplexAgra,Hindi,17:10,Gold,150₹,64,5
UttarPradesh,Agra,VimalCineplexAgra,Hindi,17:10,Ebony,400₹,21,0
Telangana,Hyderabad,PrasadsHyderabad,Hindi,17:15,Executive,200₹,364,53
Gujarat,Ahmedabad,CityGoldAshramRoad,Hindi,17:15,Executive,170₹,286,70
Maharashtra,Aurangabad,MohanNovaCinemazAurangabad,Hindi,17:15,Platinum,110₹,54,3
Maharashtra,Aurangabad,MohanNovaCinemazAurangabad,Hindi,17:15,Gold,110₹,52,2
Maharashtra,Aurangabad,MohanNovaCinemazAurangabad,Hindi,17:15,Silver,110₹,39,0
UttarPradesh,NationalCapitalRegionNcr,FunCinemasPmCinemasParsvnathMallManhattan,Hindi,17:15,Royal,150₹,55,2
UttarPradesh,NationalCapitalRegionNcr,FunCinemasPmCinemasParsvnathMallManhattan,Hindi,17:15,Premier,100₹,56,0
UttarPradesh,NationalCapitalRegionNcr,FunCinemasPmCinemasParsvnathMallManhattan,Hindi,17:15,Silver,100₹,66,23
Gujarat,Anand,ShaanCinema9ScreenMultiplexAnand,Hindi,17:15,Recliner,350₹,13,4
Gujarat,Anand,ShaanCinema9ScreenMultiplexAnand,Hindi,17:15,Sofa,150₹,28,7
Gujarat,Anand,ShaanCinema9ScreenMultiplexAnand,Hindi,17:15,Platinum,100₹,66,12
Gujarat,Anand,ShaanCinema9ScreenMultiplexAnand,Hindi,17:15,Gold,100₹,45,0
,Jhunjhunu,DhishoomCinemasJhunjhunu,Hindi,17:15,Gold,150₹,27,0
,Jhunjhunu,DhishoomCinemasJhunjhunu,Hindi,17:15,Platinum,180₹,66,4
,Jhunjhunu,DhishoomCinemasJhunjhunu,Hindi,17:15,Vip,300₹,17,4
Gujarat,Jamnagar,MehulCinemaxJamnagar,Hindi,17:15,Pl,300₹,4,4
Gujarat,Jamnagar,MehulCinemaxJamnagar,Hindi,17:15,Gl,150₹,149,14
Gujarat,Jamnagar,MehulCinemaxJamnagar,Hindi,17:15,Sl,150₹,120,0
UttarPradesh,Lucknow,PvrPhoenixLucknow,Hindi,17:20,Classic,200₹,208,36
UttarPradesh,Lucknow,PvrPhoenixLucknow,Hindi,17:20,Prime,250₹,24,2
UttarPradesh,Lucknow,PvrPhoenixLucknow,Hindi,17:20,Recliner,350₹,10,9
UttarPradesh,NationalCapitalRegionNcr,PvrVvipGhaziabad,Hindi,17:20,Classic,200₹,154,30
UttarPradesh,NationalCapitalRegionNcr,PvrVvipGhaziabad,Hindi,17:20,Prime,260₹,12,3
UttarPradesh,NationalCapitalRegionNcr,PvrVegasDwarka,Hindi,17:20,Classic,250₹,108,24
UttarPradesh,NationalCapitalRegionNcr,PvrVegasDwarka,Hindi,17:20,Prime,300₹,88,36
UttarPradesh,NationalCapitalRegionNcr,PristineMallOldSrsSec31Faridabad,Hindi,17:20,Platinum,100₹,94,13
UttarPradesh,NationalCapitalRegionNcr,PristineMallOldSrsSec31Faridabad,Hindi,17:20,Gold,100₹,39,0
UttarPradesh,NationalCapitalRegionNcr,PristineMallOldSrsSec31Faridabad,Hindi,17:20,Silver,100₹,26,0
UttarPradesh,NationalCapitalRegionNcr,InoxInsigniaAtEpicuriaNehruPlace,Hindi,17:20,Insignia,"1,014₹",41,28
,Titlagarh,ChhotuMaharajCineCafeTitlagarh,Hindi,17:30,Classique,150₹,76,0
,Titlagarh,ChhotuMaharajCineCafeTitlagarh,Hindi,17:30,Premium,120₹,24,0
UttarPradesh,Agra,GoldCinemaAgra,Hindi,17:30,Gold,150₹,118,10
Gujarat,Ahmedabad,2NewfangledMiniplexMoteraAhmedabad,Hindi,17:30,CoupleSeat,500₹,38,17
UttarPradesh,Bulandshahr,SuncityCinemaBulandshahr,Hindi,17:30,Platinum,250₹,31,1
UttarPradesh,Bulandshahr,SuncityCinemaBulandshahr,Hindi,17:30,Gold,180₹,231,5
UttarPradesh,NationalCapitalRegionNcr,MirajCinemasM4USahibabad,Hindi,17:30,Special,150₹,60,0
UttarPradesh,NationalCapitalRegionNcr,MirajCinemasM4USahibabad,Hindi,17:30,Executive,170₹,134,22
Gujarat,Ahmedabad,SbMultiplexAgoraMallEliteClass,Hindi,17:30,Elite,240₹,96,16
Gujarat,Ahmedabad,SbMultiplexAgoraMallEliteClass,Hindi,17:30,Classic,140₹,28,0
Gujarat,Ahmedabad,1NewfangledMiniplexMondealRetailPark,Hindi,17:30,VipClub,600₹,12,12
Gujarat,Ahmedabad,1NewfangledMiniplexMondealRetailPark,Hindi,17:30,Premium,600₹,11,6
Rajasthan,Jaipur,PvrMallOfJaipur,Hindi,17:30,Classic,220₹,20,0
Rajasthan,Jaipur,PvrMallOfJaipur,Hindi,17:30,Prime,240₹,43,9
Rajasthan,Jaipur,PvrMallOfJaipur,Hindi,17:30,PrimePlus,260₹,26,24
Rajasthan,Jaipur,PvrMallOfJaipur,Hindi,17:30,Recliner,420₹,8,8
UttarPradesh,NationalCapitalRegionNcr,MirajChaudharyCinemasGhaziabad,Hindi,17:30,Diamond,170₹,171,2
UttarPradesh,NationalCapitalRegionNcr,PvrAnsalPlazaGreaterNoida,Hindi,17:30,Classic,160₹,128,4
UttarPradesh,NationalCapitalRegionNcr,PvrAnsalPlazaGreaterNoida,Hindi,17:30,Prime,185₹,64,18
MadhyaPradesh,Jabalpur,SrCinemaJabalpur,Hindi,17:30,Silver,110₹,32,0
MadhyaPradesh,Jabalpur,SrCinemaJabalpur,Hindi,17:30,Gold,110₹,37,2
MadhyaPradesh,Jabalpur,SrCinemaJabalpur,Hindi,17:30,Platinum,110₹,58,6
MadhyaPradesh,Jabalpur,SrCinemaJabalpur,Hindi,17:30,Recliner,190₹,11,4
UttarPradesh,Moradabad,PvrParshvanathMoradabad,Hindi,17:30,Classic,99₹,36,0
UttarPradesh,Moradabad,PvrParshvanathMoradabad,Hindi,17:30,ClassicPlus,99₹,120,34
Haryana,Palwal,RedRocksCinemaPalwal,Hindi,17:30,Silver,110₹,67,0
Haryana,Palwal,RedRocksCinemaPalwal,Hindi,17:30,Gold,150₹,146,0
Haryana,Palwal,RedRocksCinemaPalwal,Hindi,17:30,Platinum,200₹,67,0
UttarPradesh,NationalCapitalRegionNcr,PvrGaurCityGreaterNoida,Hindi,17:35,Classic,210₹,106,16
UttarPradesh,NationalCapitalRegionNcr,PvrGaurCityGreaterNoida,Hindi,17:35,Prime,235₹,13,11
UttarPradesh,NationalCapitalRegionNcr,MsxSilvercityHaldiramCitymallSec12Faridabad,Hindi,17:40,ExecutiveGold,250₹,65,8
MadhyaPradesh,Indore,InoxPhoenixCitadelMallIndore,Hindi,17:45,Insignia,510₹,44,17
Orissa,Bhubaneswar,InoxSymphonyMall,Hindi,17:45,Club,180₹,69,23
Orissa,Bhubaneswar,InoxSymphonyMall,Hindi,17:45,Executive,160₹,20,4
MadhyaPradesh,Ujjain,PvrTreasureBazaarMallUjjain,Hindi,17:45,Classic,150₹,33,0
MadhyaPradesh,Ujjain,PvrTreasureBazaarMallUjjain,Hindi,17:45,ClassicPlus,180₹,33,0
MadhyaPradesh,Ujjain,PvrTreasureBazaarMallUjjain,Hindi,17:45,Prime,180₹,122,65
Uttarakhand,Haldwani,WwCinemasWalkwayMallHaldwani,Hindi,17:45,Platinum,320₹,11,2
Uttarakhand,Haldwani,WwCinemasWalkwayMallHaldwani,Hindi,17:45,Gold,300₹,100,0
Orissa,Sambalpur,EylexCinemasCityCenterMall,Hindi,17:50,Gold,100₹,41,0
Orissa,Sambalpur,EylexCinemasCityCenterMall,Hindi,17:50,Platinum,100₹,135,32
Orissa,Sambalpur,EylexCinemasCityCenterMall,Hindi,17:50,Silver,100₹,28,0
Haryana,Chandigarh,PiccadilySquareChandigarh,Hindi,17:50,Silver,135₹,110,10
Haryana,Chandigarh,PiccadilySquareChandigarh,Hindi,17:50,Gold,180₹,191,16
Haryana,Chandigarh,PiccadilySquareChandigarh,Hindi,17:50,BusinessClass,480₹,20,0
UttarPradesh,NationalCapitalRegionNcr,PvrPacificSubhashNagarDelhi,Hindi,17:50,Recliner,450₹,20,16
UttarPradesh,NationalCapitalRegionNcr,PvrPacificSubhashNagarDelhi,Hindi,17:50,PrimePlus,300₹,42,33
UttarPradesh,NationalCapitalRegionNcr,PvrPacificSubhashNagarDelhi,Hindi,17:50,Prime,300₹,111,33
UttarPradesh,NationalCapitalRegionNcr,PvrPacificSubhashNagarDelhi,Hindi,17:50,Classic,250₹,36,0
Uttarakhand,Dehradun,FunCinemasNewEmpireDehradun,Hindi,17:55,Diamond,150₹,21,0
Uttarakhand,Dehradun,FunCinemasNewEmpireDehradun,Hindi,17:55,Gold,100₹,220,3
Uttarakhand,Dehradun,FunCinemasNewEmpireDehradun,Hindi,17:55,Silver,70₹,286,4
UttarPradesh,NationalCapitalRegionNcr,GalaxieMultiplexGhaziabad,Hindi,18:00,Klassic,100₹,130,7
UttarPradesh,NationalCapitalRegionNcr,GalaxieMultiplexGhaziabad,Hindi,18:00,Klub,150₹,43,6
Jharkhand,Bokaro,PvrBokaro,Hindi,18:00,Classic,175₹,84,0
Jharkhand,Bokaro,PvrBokaro,Hindi,18:00,Prime,200₹,109,20
MadhyaPradesh,Katni,CityPrideKatni,Hindi,18:00,Platinum,250₹,20,2
MadhyaPradesh,Katni,CityPrideKatni,Hindi,18:00,Gold,200₹,250,0
MadhyaPradesh,Katni,CityPrideKatni,Hindi,18:00,Silver,150₹,100,0
Maharashtra,Mumbai,MirajFunFiestaCinemasNallasopara,Hindi,18:00,Gold,200₹,98,0
Maharashtra,Mumbai,MirajFunFiestaCinemasNallasopara,Hindi,18:00,Platinum,200₹,125,35
Maharashtra,Mumbai,MirajFunFiestaCinemasNallasopara,Hindi,18:00,Silver,180₹,70,2
UttarPradesh,NationalCapitalRegionNcr,InoxShipraMallGhaziabad,Hindi,18:00,Executive,230₹,188,45
UttarPradesh,NationalCapitalRegionNcr,InoxShipraMallGhaziabad,Hindi,18:00,Classic,210₹,120,0
UttarPradesh,NationalCapitalRegionNcr,PvrMahagunGhaziabad,Hindi,18:00,Classic,260₹,228,45
UttarPradesh,NationalCapitalRegionNcr,PvrMahagunGhaziabad,Hindi,18:00,Recliner,410₹,11,7
Gujarat,Vadodara,MirajCinemasSwcMall,Hindi,18:00,Special,140₹,64,0
Gujarat,Vadodara,MirajCinemasSwcMall,Hindi,18:00,Executive,160₹,107,4
Gujarat,Ahmedabad,MirajCinemasCinePrideKrishnaNagar,Hindi,18:00,Gold,140₹,25,0
Gujarat,Ahmedabad,MirajCinemasCinePrideKrishnaNagar,Hindi,18:00,Platinum,160₹,98,32
Maharashtra,Pune,InoxJaiGaneshAkurdi,Hindi,18:00,Silver,200₹,57,24
Maharashtra,Pune,InoxJaiGaneshAkurdi,Hindi,18:00,Premiere,170₹,91,14
UttarPradesh,NationalCapitalRegionNcr,PvrEdmGhaziabad,Hindi,18:00,Classic,235₹,239,22
MadhyaPradesh,Guna,SomyaCineplexGuna,Hindi,18:00,Gold,250₹,8,4
MadhyaPradesh,Guna,SomyaCineplexGuna,Hindi,18:00,Silver,150₹,198,17
MadhyaPradesh,Satna,ImusicaEntertainmentsSatna,Hindi,18:00,Gold,110₹,38,0
MadhyaPradesh,Satna,ImusicaEntertainmentsSatna,Hindi,18:00,RedCarpet,140₹,112,4
MadhyaPradesh,Satna,ImusicaEntertainmentsSatna,Hindi,18:00,Royal,250₹,11,0
Gujarat,Surat,CinepolisImperialSquareMallSurat,Hindi,18:00,Normal,170₹,29,0
Gujarat,Surat,CinepolisImperialSquareMallSurat,Hindi,18:00,Executive,170₹,200,43
Gujarat,Surat,CinepolisImperialSquareMallSurat,Hindi,18:00,Premium,190₹,40,12
Chhattisgarh,Dongargarh,ShreeCinemaDongargarh,Hindi,18:00,Gold,120₹,64,0
Karnataka,KalaburagiGulbarga,ShettysMultiplexGulbarga,Hindi,18:00,1Platinum,150₹,87,51
Karnataka,KalaburagiGulbarga,ShettysMultiplexGulbarga,Hindi,18:00,2Gold,100₹,281,193
Karnataka,KalaburagiGulbarga,ShettysMultiplexGulbarga,Hindi,18:00,3Silver,80₹,317,208
Jharkhand,Ranchi,SujataPicturePalaceRanchi,Hindi,18:00,Gold,70₹,80,0
Jharkhand,Ranchi,SujataPicturePalaceRanchi,Hindi,18:00,Premium,100₹,20,0
Maharashtra,Mumbai,MaxusCinemasBorivaliW,Hindi,18:00,Sofa,279₹,39,25
Maharashtra,Mumbai,MaxusCinemasBorivaliW,Hindi,18:00,PremiumPlus,179₹,198,48
Maharashtra,Mumbai,MaxusCinemasBorivaliW,Hindi,18:00,Premium,179₹,42,0
WestBengal,Kolkata,InoxForumRangoliMallBelur,Hindi,18:00,Club,230₹,170,39
WestBengal,Kolkata,InoxForumRangoliMallBelur,Hindi,18:00,Executive,210₹,69,2
Maharashtra,Amravati,MirajCinemasTapadiaCityCentreMallAmravati,Hindi,18:00,Silver,190₹,66,0
Maharashtra,Amravati,MirajCinemasTapadiaCityCentreMallAmravati,Hindi,18:00,Gold,210₹,129,47
UttarPradesh,NationalCapitalRegionNcr,InoxMsxMallGreaterNoida,Hindi,18:00,Royale,160₹,32,4
UttarPradesh,NationalCapitalRegionNcr,InoxMsxMallGreaterNoida,Hindi,18:00,Club,140₹,92,7
UttarPradesh,Lucknow,PvrSuperplexLuluLucknow,Hindi,18:00,Classic,180₹,30,0
UttarPradesh,Lucknow,PvrSuperplexLuluLucknow,Hindi,18:00,ClassicPlus,250₹,90,8
UttarPradesh,Lucknow,PvrSuperplexLuluLucknow,Hindi,18:00,Prime,275₹,108,24
UttarPradesh,Lucknow,PvrSuperplexLuluLucknow,Hindi,18:00,Recliner,450₹,9,8
Haryana,Hisar,MirajCinemasHisar,Hindi,18:00,Executive,170₹,82,18
Gujarat,Bhavnagar,MaxusCinemasBhavnagar,Hindi,18:00,Sofa,149₹,35,15
Gujarat,Bhavnagar,MaxusCinemasBhavnagar,Hindi,18:00,PremierPlus,112₹,258,5
Gujarat,Bhavnagar,MaxusCinemasBhavnagar,Hindi,18:00,Premium,112₹,42,0
Chhattisgarh,Bemetara,RatanTalkiesBemetara,Hindi,18:00,Gold,100₹,121,0
MadhyaPradesh,Indore,FortuneCinemaMhow,Hindi,18:00,Vip,300₹,8,0
MadhyaPradesh,Indore,FortuneCinemaMhow,Hindi,18:00,SkyBox,200₹,12,2
MadhyaPradesh,Indore,FortuneCinemaMhow,Hindi,18:00,Platinum,130₹,67,0
MadhyaPradesh,Indore,FortuneCinemaMhow,Hindi,18:00,Gold,100₹,75,0
MadhyaPradesh,Indore,FortuneCinemaMhow,Hindi,18:00,Silver,100₹,30,0
Gujarat,Morbi,SkyMultiplexMorbi,Hindi,18:00,Executive,300₹,99,17
Gujarat,Morbi,SkyMultiplexMorbi,Hindi,18:00,Gold,200₹,88,16
WestBengal,Siliguri,InoxCityCentreSiliguri,Hindi,18:00,Royale,280₹,15,12
WestBengal,Siliguri,InoxCityCentreSiliguri,Hindi,18:00,Club,200₹,192,22
WestBengal,Siliguri,InoxCityCentreSiliguri,Hindi,18:00,Executive,200₹,32,0
MadhyaPradesh,Singrauli,CarnivalCinemasKachniWaidhanSingrauli,Hindi,18:00,Silver,110₹,33,0
MadhyaPradesh,Singrauli,CarnivalCinemasKachniWaidhanSingrauli,Hindi,18:00,Gold,170₹,74,25
MadhyaPradesh,Singrauli,CarnivalCinemasKachniWaidhanSingrauli,Hindi,18:00,Platinum,250₹,10,10
Rajasthan,Sikar,MirajBioscopeCinemasSikar,Hindi,18:00,Silver,190₹,38,0
Rajasthan,Sikar,MirajBioscopeCinemasSikar,Hindi,18:00,Gold,220₹,245,18
Rajasthan,Sikar,MirajBioscopeCinemasSikar,Hindi,18:00,Platinum,250₹,39,27
Rajasthan,Barmer,AanchalCinemaBarmer,Hindi,18:00,Silver,112₹,58,0
Rajasthan,Barmer,AanchalCinemaBarmer,Hindi,18:00,Gold,150₹,231,32
Rajasthan,Barmer,AanchalCinemaBarmer,Hindi,18:00,Platinum,200₹,52,2
Chhattisgarh,Dhamtari,EosCinemasDhamtari,Hindi,18:00,Prime,150₹,27,0
Chhattisgarh,Dhamtari,EosCinemasDhamtari,Hindi,18:00,Club,100₹,72,0
Chhattisgarh,Dhamtari,EosCinemasDhamtari,Hindi,18:00,Premium,100₹,54,0
Gujarat,Vadodara,InoxRaceCourseCircle,Hindi,18:05,Gold,170₹,145,10
Gujarat,Vadodara,InoxRaceCourseCircle,Hindi,18:05,Platinum,170₹,71,27
Gujarat,Vadodara,InoxRaceCourseCircle,Hindi,18:05,Silver,170₹,95,0
Jharkhand,Dhanbad,InoxCinemasDhanbad,Hindi,18:05,Executive,260₹,129,20
Jharkhand,Dhanbad,InoxCinemasDhanbad,Hindi,18:05,Silver,250₹,73,5
Jharkhand,Dhanbad,InoxCinemasDhanbad,Hindi,18:05,Premier,220₹,39,0
Gujarat,Surat,RajImperialInoxVarachhaRoadSurat,Hindi,18:05,Imperial,370₹,20,15
Gujarat,Surat,RajImperialInoxVarachhaRoadSurat,Hindi,18:05,Platinum,200₹,80,32
Gujarat,Surat,RajImperialInoxVarachhaRoadSurat,Hindi,18:05,Gold,180₹,260,16
Gujarat,Surat,RajImperialInoxVarachhaRoadSurat,Hindi,18:05,Silver,160₹,40,0
Punjab,Jalandhar,PvrMbdJalandhar,Hindi,18:10,Classic,150₹,112,0
Punjab,Jalandhar,PvrMbdJalandhar,Hindi,18:10,ClassicPlus,150₹,54,23
Punjab,Jalandhar,PvrMbdJalandhar,Hindi,18:10,Prime,150₹,12,9
Punjab,Jalandhar,PvrMbdJalandhar,Hindi,18:10,Recliner,399₹,12,5
UttarPradesh,NationalCapitalRegionNcr,PvrCrownPlazaFaridabad,Hindi,18:10,Classic,170₹,26,0
UttarPradesh,NationalCapitalRegionNcr,PvrCrownPlazaFaridabad,Hindi,18:10,Prime,200₹,154,21
UttarPradesh,NationalCapitalRegionNcr,PvrCrownPlazaFaridabad,Hindi,18:10,PrimePlus,220₹,27,6
Gujarat,Ahmedabad,PvrMoteraAhmedabad,Hindi,18:10,Classic,150₹,54,0
Gujarat,Ahmedabad,PvrMoteraAhmedabad,Hindi,18:10,Prime,190₹,192,25
Gujarat,Ahmedabad,PvrMoteraAhmedabad,Hindi,18:10,Recliner,315₹,23,7
UttarPradesh,NationalCapitalRegionNcr,PvrNarainaDelhi,Hindi,18:10,Classic,210₹,42,0
UttarPradesh,NationalCapitalRegionNcr,PvrNarainaDelhi,Hindi,18:10,ClassicPlus,230₹,42,7
UttarPradesh,NationalCapitalRegionNcr,PvrNarainaDelhi,Hindi,18:10,Prime,240₹,43,20
UttarPradesh,NationalCapitalRegionNcr,PvrSaharaGurgaon,Hindi,18:10,Classic,112₹,144,5
UttarPradesh,NationalCapitalRegionNcr,PvrSaharaGurgaon,Hindi,18:10,Prime,112₹,79,35
UttarPradesh,Agra,SarvCinemasAgra,Hindi,18:10,SofaChair,300₹,8,0
UttarPradesh,Agra,SarvCinemasAgra,Hindi,18:10,PrimeSofa,150₹,20,7
UttarPradesh,Agra,SarvCinemasAgra,Hindi,18:10,Gold,100₹,80,0
Gujarat,Surat,InoxDrWorldSurat,Hindi,18:15,Club,190₹,63,2
Gujarat,Surat,InoxDrWorldSurat,Hindi,18:15,Royal,190₹,83,28
Gujarat,Surat,InoxDrWorldSurat,Hindi,18:15,Executive,170₹,46,1
HimachalPradesh,Bilaspur,City36CinemasBilaspur,Hindi,18:15,Premium,140₹,36,0
HimachalPradesh,Bilaspur,City36CinemasBilaspur,Hindi,18:15,Gold,140₹,102,30
HimachalPradesh,Bilaspur,City36CinemasBilaspur,Hindi,18:15,Recliner,400₹,15,11
MadhyaPradesh,Bhopal,CinepolisDbMallBhopal,Hindi,18:15,Normal,190₹,60,0
MadhyaPradesh,Bhopal,CinepolisDbMallBhopal,Hindi,18:15,Executive,190₹,106,69
UttarPradesh,Gorakhpur,InoxCityMallGorakhpur,Hindi,18:15,RoyalRecliner,450₹,12,3
UttarPradesh,Gorakhpur,InoxCityMallGorakhpur,Hindi,18:15,Club,210₹,210,25
UttarPradesh,Gorakhpur,InoxCityMallGorakhpur,Hindi,18:15,Executive,180₹,90,0
Chhattisgarh,Rajnandgaon,EosSilverScreenMultiplexRajnandgaon,Hindi,18:15,Platinum,120₹,79,2
UttarPradesh,Moradabad,WaveMoradabad,Hindi,18:15,Classic,100₹,207,70
Jharkhand,Ranchi,PopkornCinemasGalaxiaMallRanchi,Hindi,18:15,Club,200₹,12,0
Jharkhand,Ranchi,PopkornCinemasGalaxiaMallRanchi,Hindi,18:15,Premium,110₹,114,19
Jharkhand,Ranchi,PopkornCinemasGalaxiaMallRanchi,Hindi,18:15,Gold,90₹,78,1
Jharkhand,Ranchi,PopkornCinemasGalaxiaMallRanchi,Hindi,18:15,Silver,70₹,38,0
Chhattisgarh,Raigarh,GalaxyCinemasDolbyAtmosRaigarh,Hindi,18:15,Recliner,400₹,14,6
Chhattisgarh,Raigarh,GalaxyCinemasDolbyAtmosRaigarh,Hindi,18:15,Premium,200₹,81,7
Chhattisgarh,Raigarh,GalaxyCinemasDolbyAtmosRaigarh,Hindi,18:15,Executive,150₹,39,0
MadhyaPradesh,Betul,KantishivaCinemaAndSSCineplexCinemaBetul,Hindi,18:15,Diamond,100₹,231,0
MadhyaPradesh,Betul,KantishivaCinemaAndSSCineplexCinemaBetul,Hindi,18:15,Golden,70₹,150,0
Rajasthan,Jaipur,CinestarMultiplexVidhyadharNagar,Hindi,18:15,Gold,100₹,119,0
Rajasthan,Jaipur,CinestarMultiplexVidhyadharNagar,Hindi,18:15,Platinum,100₹,123,24
Rajasthan,Jaipur,CinestarMultiplexVidhyadharNagar,Hindi,18:15,Recliner,300₹,8,0
Rajasthan,Jaipur,CinestarMultiplexVidhyadharNagar,Hindi,18:15,CoupleRecliner,300₹,12,4
Uttarakhand,Haridwar,WavePentagonMallHaridwarSidcul,Hindi,18:15,Classic,150₹,201,47
Maharashtra,Pune,ESquareEliteXionMallHinjawadiPune,Hindi,18:15,Recliner,200₹,10,9
Maharashtra,Pune,ESquareEliteXionMallHinjawadiPune,Hindi,18:15,SofaPlatinum,150₹,36,8
Maharashtra,Pune,ESquareEliteXionMallHinjawadiPune,Hindi,18:15,SofaGold,130₹,9,0
Maharashtra,Mumbai,MaxusCinemasBhayander,Hindi,18:15,Recliners,249₹,24,20
Maharashtra,Mumbai,MaxusCinemasBhayander,Hindi,18:15,Sofa,199₹,46,16
Maharashtra,Mumbai,MaxusCinemasBhayander,Hindi,18:15,PremiumPlus,149₹,208,19
Maharashtra,Mumbai,MaxusCinemasBhayander,Hindi,18:15,Premium,149₹,64,4
Maharashtra,Mumbai,MaxusCinemasBhayander,Hindi,18:15,Lounger,149₹,16,0
UttarPradesh,NationalCapitalRegionNcr,WaveCinemasGaurCentralMallRdc,Hindi,18:15,Classic,200₹,215,28
MadhyaPradesh,Betul,RajtilakMultiscreenBetul,Hindi,18:15,Box,150₹,6,0
MadhyaPradesh,Betul,RajtilakMultiscreenBetul,Hindi,18:15,Gold,100₹,46,2
MadhyaPradesh,Betul,RajtilakMultiscreenBetul,Hindi,18:15,Silver,70₹,33,0
Maharashtra,Akola,MirajCinemasRadhaKrishnaAkola,Hindi,18:15,Silver,160₹,75,3
Maharashtra,Akola,MirajCinemasRadhaKrishnaAkola,Hindi,18:15,Gold,180₹,103,16
Maharashtra,Akola,MirajCinemasRadhaKrishnaAkola,Hindi,18:15,Platinum,350₹,12,9
MadhyaPradesh,Chhatarpur,JpCinemasChhatarpur,Hindi,18:15,Silver,120₹,48,0
MadhyaPradesh,Chhatarpur,JpCinemasChhatarpur,Hindi,18:15,Gold,150₹,96,0
MadhyaPradesh,Chhatarpur,JpCinemasChhatarpur,Hindi,18:15,Platinum,180₹,48,2
UttarPradesh,Gorakhpur,PvrVenusGorakhpur,Hindi,18:20,Classic,150₹,39,0
UttarPradesh,Gorakhpur,PvrVenusGorakhpur,Hindi,18:20,ClassicPlus,160₹,69,18
UttarPradesh,Gorakhpur,PvrVenusGorakhpur,Hindi,18:20,Prime,175₹,29,5
Gujarat,Ahmedabad,CinemaxDevArcAhmedabad,Hindi,18:20,Classic,150₹,36,0
Gujarat,Ahmedabad,CinemaxDevArcAhmedabad,Hindi,18:20,Prime,175₹,182,31
Gujarat,Ahmedabad,CinemaxDevArcAhmedabad,Hindi,18:20,Recliner,350₹,34,1
Bihar,Muzaffarpur,ShyamTalkiesCineGalaxyMuzaffarpur,Hindi,18:20,Deluxe,300₹,22,0
Bihar,Muzaffarpur,ShyamTalkiesCineGalaxyMuzaffarpur,Hindi,18:20,Executive,200₹,30,4
Bihar,Muzaffarpur,ShyamTalkiesCineGalaxyMuzaffarpur,Hindi,18:20,Gold,150₹,169,1
Chhattisgarh,Champa,MukundSMultiplexChampa,Hindi,18:20,Silver,80₹,72,0
Chhattisgarh,Champa,MukundSMultiplexChampa,Hindi,18:20,Golden,100₹,72,0
Chhattisgarh,Champa,MukundSMultiplexChampa,Hindi,18:20,Platinum,140₹,72,0
Chhattisgarh,Champa,MukundSMultiplexChampa,Hindi,18:20,Royal,180₹,69,0
UttarPradesh,Lucknow,PvrSaharaganjMallLucknow,Hindi,18:20,Classic,210₹,190,12
UttarPradesh,Lucknow,PvrSaharaganjMallLucknow,Hindi,18:20,Recliner,330₹,12,7
Punjab,Ludhiana,PvrPavilionLudhiana,Hindi,18:20,Classic,150₹,77,47
Chhattisgarh,Jagdalpur,CinePlusMultiplexJagdalpur,Hindi,18:25,Platinum,150₹,44,2
Chhattisgarh,Jagdalpur,CinePlusMultiplexJagdalpur,Hindi,18:25,Gold,130₹,98,0
Chhattisgarh,Jagdalpur,CinePlusMultiplexJagdalpur,Hindi,18:25,Silver,100₹,42,0
Jharkhand,Jamshedpur,PjpCinepolisJamshedpur,Hindi,18:25,Normal,220₹,26,0
Jharkhand,Jamshedpur,PjpCinepolisJamshedpur,Hindi,18:25,Executive,240₹,26,7
Jharkhand,Jamshedpur,PjpCinepolisJamshedpur,Hindi,18:25,Premium,260₹,68,20
UttarPradesh,Lucknow,InoxPhoenixPalassioMallLucknow,Hindi,18:25,RoyaleRecliners,500₹,14,6
UttarPradesh,Lucknow,InoxPhoenixPalassioMallLucknow,Hindi,18:25,Royale,250₹,68,20
UttarPradesh,Lucknow,InoxPhoenixPalassioMallLucknow,Hindi,18:25,Club,230₹,112,10
UttarPradesh,Lucknow,InoxPhoenixPalassioMallLucknow,Hindi,18:25,Executive,210₹,26,0
Rajasthan,Kota,PvrCinemallKota,Hindi,18:25,Classic,140₹,57,0
Rajasthan,Kota,PvrCinemallKota,Hindi,18:25,Prime,150₹,126,17
Rajasthan,Kota,PvrCinemallKota,Hindi,18:25,Recliner,290₹,16,0
UttarPradesh,NationalCapitalRegionNcr,InoxRCubeMonadMall,Hindi,18:30,Insignia,900₹,80,24
Rajasthan,Jodhpur,MirajBioscopeCinemasJodhpur,Hindi,18:30,Silver,180₹,76,1
Rajasthan,Jodhpur,MirajBioscopeCinemasJodhpur,Hindi,18:30,Gold,200₹,128,23
Rajasthan,Jodhpur,MirajBioscopeCinemasJodhpur,Hindi,18:30,Platinum,400₹,17,9
UttarPradesh,NationalCapitalRegionNcr,DhishoomCinemasEntertainlandSector83Gurugram,Hindi,18:30,Silver,110₹,24,0
UttarPradesh,NationalCapitalRegionNcr,DhishoomCinemasEntertainlandSector83Gurugram,Hindi,18:30,Gold,110₹,52,6
UttarPradesh,NationalCapitalRegionNcr,DhishoomCinemasEntertainlandSector83Gurugram,Hindi,18:30,Platinum,110₹,22,10
Gujarat,Kosamba,CoconutSalimCinemaKosamba,Hindi,18:30,Gold,100₹,85,0
Chhattisgarh,Durg,TarunLvCinemasDurg,Hindi,18:30,Platinum,150₹,46,9
Chhattisgarh,Durg,TarunLvCinemasDurg,Hindi,18:30,Gold,120₹,99,23
Chhattisgarh,Durg,TarunLvCinemasDurg,Hindi,18:30,Silver,100₹,32,0
Maharashtra,Mumbai,G7MultiplexBandraW,Hindi,18:30,Special,150₹,38,27
Maharashtra,Mumbai,G7MultiplexBandraW,Hindi,18:30,DressCircle,150₹,9,9
Gujarat,Vadodara,InoxRelianceMegaMallVadodara,Hindi,18:30,RoyalRecliners,300₹,12,6
Gujarat,Vadodara,InoxRelianceMegaMallVadodara,Hindi,18:30,Gold,160₹,102,0
Gujarat,Vadodara,InoxRelianceMegaMallVadodara,Hindi,18:30,Platinum,160₹,33,19
Gujarat,Vadodara,InoxRelianceMegaMallVadodara,Hindi,18:30,Silver,140₹,20,0
Maharashtra,Mumbai,MirajDattaniCinemasVasai,Hindi,18:30,Bronze,190₹,32,3
Maharashtra,Mumbai,MirajDattaniCinemasVasai,Hindi,18:30,Silver,210₹,191,20
Maharashtra,Mumbai,MirajDattaniCinemasVasai,Hindi,18:30,Gold,230₹,16,7
Maharashtra,Mumbai,MirajDattaniCinemasVasai,Hindi,18:30,Platinum,320₹,11,7
WestBengal,CoochBehar,JayaCinemasCityMallCoochBehar,Hindi,18:30,Royal,250₹,19,0
WestBengal,CoochBehar,JayaCinemasCityMallCoochBehar,Hindi,18:30,Club,150₹,184,9
WestBengal,CoochBehar,JayaCinemasCityMallCoochBehar,Hindi,18:30,Executive,100₹,56,0
Gujarat,Anand,TimeCinemaAnand,Hindi,18:30,GoldClass,100₹,125,0
UttarPradesh,NationalCapitalRegionNcr,WaveTheWaveMallKaushambi,Hindi,18:30,Classic,230₹,331,25
Chhattisgarh,Korba,NiharikaCinema2KLaserDolby71SoundKorba,Hindi,18:30,Silver,100₹,50,0
Chhattisgarh,Korba,NiharikaCinema2KLaserDolby71SoundKorba,Hindi,18:30,Gold,150₹,191,0
Chhattisgarh,Korba,NiharikaCinema2KLaserDolby71SoundKorba,Hindi,18:30,Platinum,200₹,66,2
Gujarat,Ahmedabad,19CinemaNarolAhmedabad,Hindi,18:30,Platinum,140₹,21,0
Gujarat,Ahmedabad,19CinemaNarolAhmedabad,Hindi,18:30,Gold,100₹,38,0
Gujarat,Ahmedabad,19CinemaNarolAhmedabad,Hindi,18:30,Silver,100₹,18,0
Gujarat,Anand,DiyaCinemaAnand,Hindi,18:30,Sofa,200₹,16,0
Gujarat,Anand,DiyaCinemaAnand,Hindi,18:30,Platinum,130₹,83,9
Maharashtra,Mumbai,MirajCinerajCinemasPanvel,Hindi,18:30,Box,150₹,8,0
Maharashtra,Mumbai,MirajCinerajCinemasPanvel,Hindi,18:30,Family,150₹,365,11
Chhattisgarh,Ambikapur,VasundhraCityPlexAmbikapur,Hindi,18:30,Recliner,300₹,11,2
Chhattisgarh,Ambikapur,VasundhraCityPlexAmbikapur,Hindi,18:30,Platinum,200₹,64,7
Chhattisgarh,Ambikapur,VasundhraCityPlexAmbikapur,Hindi,18:30,Gold,120₹,96,0
Telangana,Mahbubnagar,SriKrishnaTheatreMahbubnagar,Hindi,18:30,Balcony,100₹,373,0
Rajasthan,Jaipur,GolchaCinemaJaipur,Hindi,18:30,RoyalBox,150₹,94,27
Rajasthan,Jaipur,GolchaCinemaJaipur,Hindi,18:30,Excutive,110₹,160,24
Bihar,Gaya,AprCinemasGaya,Hindi,18:30,Gold,200₹,155,2
Bihar,Gaya,AprCinemasGaya,Hindi,18:30,Loungers,230₹,11,0
UttarPradesh,Bahraich,KCinemasBahraich,Hindi,18:30,Premium,150₹,136,3
UttarPradesh,Bahraich,KCinemasBahraich,Hindi,18:30,Gold,200₹,41,15
MadhyaPradesh,Rewa,RoyalCinemasRewa,Hindi,18:30,Box,500₹,4,0
MadhyaPradesh,Rewa,RoyalCinemasRewa,Hindi,18:30,Recliner,400₹,18,0
MadhyaPradesh,Rewa,RoyalCinemasRewa,Hindi,18:30,Sofa,250₹,13,0
MadhyaPradesh,Rewa,RoyalCinemasRewa,Hindi,18:30,Platinum,140₹,64,0
MadhyaPradesh,Rewa,RoyalCinemasRewa,Hindi,18:30,Gold,120₹,57,0
MadhyaPradesh,Rewa,RoyalCinemasRewa,Hindi,18:30,Silver,100₹,38,0
UttarPradesh,NationalCapitalRegionNcr,InoxCrownInteriorzMallDelhiMathuraRoad,Hindi,18:30,Club,230₹,293,49
UttarPradesh,NationalCapitalRegionNcr,InoxCrownInteriorzMallDelhiMathuraRoad,Hindi,18:30,Executive,210₹,78,4
Maharashtra,Nagpur,AmCinemaJaiprakashNagarNagpur,Hindi,18:30,Prime,160₹,60,34
Maharashtra,Nagpur,AmCinemaJaiprakashNagarNagpur,Hindi,18:30,Economic,120₹,10,0
UttarPradesh,Gangoh,ChaudharySsMultiplexGangoh,Hindi,18:30,Silver,110₹,69,0
UttarPradesh,Gangoh,ChaudharySsMultiplexGangoh,Hindi,18:30,Gold,150₹,66,0
UttarPradesh,Gangoh,ChaudharySsMultiplexGangoh,Hindi,18:30,Platinum,180₹,14,0
Uttarakhand,Dehradun,MovieLoungeCrossroadsMallDehradun,Hindi,18:30,Normal,150₹,26,0
Uttarakhand,Dehradun,MovieLoungeCrossroadsMallDehradun,Hindi,18:30,Prime,200₹,68,10
Uttarakhand,Dehradun,MovieLoungeCrossroadsMallDehradun,Hindi,18:30,Executive,450₹,5,5
Gujarat,Morbi,DariyalalMultiplexMorbi,Hindi,18:30,Platinum,200₹,83,0
Gujarat,Morbi,DariyalalMultiplexMorbi,Hindi,18:30,Gold,180₹,28,0
Gujarat,Morbi,DariyalalMultiplexMorbi,Hindi,18:30,Silver,150₹,21,0
Gujarat,Morbi,DariyalalMultiplexMorbi,Hindi,18:30,VipClass,300₹,19,0
Rajasthan,Jaipur,InoxVaibhavAmarapaliCircle,Hindi,18:30,RoyalClub,180₹,20,4
Rajasthan,Jaipur,InoxVaibhavAmarapaliCircle,Hindi,18:30,RoyalBox,170₹,74,44
Rajasthan,Jaipur,InoxVaibhavAmarapaliCircle,Hindi,18:30,Balcony,160₹,326,25
Rajasthan,Jaipur,InoxVaibhavAmarapaliCircle,Hindi,18:30,DressCircle,150₹,88,0
Maharashtra,Pune,CityPrideKothrud,Hindi,18:30,RoyalSofa,230₹,13,11
Maharashtra,Pune,CityPrideKothrud,Hindi,18:30,RoyalGold,180₹,76,31
Maharashtra,Pune,CityPrideKothrud,Hindi,18:30,RoyalSilver,160₹,22,0
Chhattisgarh,Ambikapur,JcmMultiplexAmbikapur,Hindi,18:30,Recliners,350₹,24,4
Chhattisgarh,Ambikapur,JcmMultiplexAmbikapur,Hindi,18:30,Diamond,200₹,96,0
Chhattisgarh,Ambikapur,JcmMultiplexAmbikapur,Hindi,18:30,Gold,150₹,52,0
Chhattisgarh,Ambikapur,JcmMultiplexAmbikapur,Hindi,18:30,Silver,100₹,26,0
MadhyaPradesh,Datia,CineflixCinemasDatia,Hindi,18:30,Recliner,400₹,22,0
MadhyaPradesh,Datia,CineflixCinemasDatia,Hindi,18:30,Gold,200₹,103,5
MadhyaPradesh,Datia,CineflixCinemasDatia,Hindi,18:30,Silver,150₹,39,0
MadhyaPradesh,Chhindwara,AlkaMultiplexChhindwara,Hindi,18:30,Recliners,400₹,6,0
MadhyaPradesh,Chhindwara,AlkaMultiplexChhindwara,Hindi,18:30,Platinum,200₹,59,3
MadhyaPradesh,Chhindwara,AlkaMultiplexChhindwara,Hindi,18:30,Gold,150₹,51,0
MadhyaPradesh,Chhindwara,AlkaMultiplexChhindwara,Hindi,18:30,Silver,100₹,51,4
Maharashtra,Malegaon,CinemaxMalegaon,Hindi,18:35,Classic,100₹,32,0
Maharashtra,Malegaon,CinemaxMalegaon,Hindi,18:35,ClassicPlus,110₹,119,4
Maharashtra,Malegaon,CinemaxMalegaon,Hindi,18:35,Prime,110₹,130,47
Gujarat,Ahmedabad,TheCinestarMiniplexBhatCircleSpRingRoad,Hindi,18:35,CoupleSofa,250₹,18,18
Gujarat,Ahmedabad,TheCinestarMiniplexBhatCircleSpRingRoad,Hindi,18:35,Sofa,200₹,50,19
Gujarat,Ahmedabad,TheCinestarMiniplexBhatCircleSpRingRoad,Hindi,18:35,Lounger,200₹,10,3
Gujarat,Vadodara,PvrDeepVadodara,Hindi,18:35,Classic,130₹,76,14
Gujarat,Vadodara,PvrDeepVadodara,Hindi,18:35,Prime,140₹,80,4
Gujarat,Vadodara,PvrDeepVadodara,Hindi,18:35,PrimePlus,150₹,116,28
Gujarat,Ahmedabad,CinemaxShivAhmedabad,Hindi,18:35,Prime,175₹,64,27
UttarPradesh,NationalCapitalRegionNcr,SaimCinemasSlfMallSec3033Faridabad,Hindi,18:40,Gold,100₹,66,0
UttarPradesh,NationalCapitalRegionNcr,SaimCinemasSlfMallSec3033Faridabad,Hindi,18:40,Silver,100₹,80,0
Jharkhand,Ranchi,PvrNucleusMallRanchi,Hindi,18:40,Classic,190₹,28,3
Jharkhand,Ranchi,PvrNucleusMallRanchi,Hindi,18:40,ClassicPlus,205₹,114,28
Jharkhand,Ranchi,PvrNucleusMallRanchi,Hindi,18:40,Prime,235₹,63,26
Jharkhand,Ranchi,PvrNucleusMallRanchi,Hindi,18:40,PrimePlus,285₹,18,16
UttarPradesh,Kanpur,PvrSouthXMallKanpur,Hindi,18:40,Classic,170₹,38,0
UttarPradesh,Kanpur,PvrSouthXMallKanpur,Hindi,18:40,Prime,200₹,200,47
UttarPradesh,Kanpur,PvrSouthXMallKanpur,Hindi,18:40,Recliner,270₹,13,6
Karnataka,Bengaluru,PvrNexusFormerlyForumKoramangala,Hindi,18:40,Classic,290₹,156,133
Karnataka,Bengaluru,PvrNexusFormerlyForumKoramangala,Hindi,18:40,Recliner,550₹,12,11
MadhyaPradesh,Gwalior,InoxDbMallGwalior,Hindi,18:40,RoyaleRecliners,340₹,10,10
MadhyaPradesh,Gwalior,InoxDbMallGwalior,Hindi,18:40,Royale,230₹,75,24
MadhyaPradesh,Gwalior,InoxDbMallGwalior,Hindi,18:40,Club,220₹,72,2
MadhyaPradesh,Gwalior,InoxDbMallGwalior,Hindi,18:40,Executive,190₹,24,0
Chhattisgarh,Raipur,ColorsCinemasColorsMallRaipur,Hindi,18:40,Lounge,100₹,26,24
Chhattisgarh,Raipur,ColorsCinemasColorsMallRaipur,Hindi,18:40,Club,100₹,112,48
Chhattisgarh,Raipur,ColorsCinemasColorsMallRaipur,Hindi,18:40,Premium,100₹,100,20
UttarPradesh,Varanasi,IpCinemasIpSigraMallVaranasi,Hindi,18:45,Gold,200₹,294,24
UttarPradesh,Varanasi,IpCinemasIpSigraMallVaranasi,Hindi,18:45,Silver,150₹,116,2
UttarPradesh,Varanasi,IpCinemasIpSigraMallVaranasi,Hindi,18:45,Recliner,600₹,18,0
Rajasthan,Ajmer,MayaMandirMultiplexDolbyAtmosSoundAjmer,Hindi,18:45,Elite,140₹,49,0
Rajasthan,Ajmer,MayaMandirMultiplexDolbyAtmosSoundAjmer,Hindi,18:45,Club,130₹,66,0
Rajasthan,Ajmer,MayaMandirMultiplexDolbyAtmosSoundAjmer,Hindi,18:45,Premium,112₹,84,0
Rajasthan,Jaipur,InoxGtCentralMallJaipur,Hindi,18:45,Insignia,750₹,35,12
UttarPradesh,Lucknow,WaveTheWaveMallLucknow,Hindi,18:45,Classic,170₹,128,7
UttarPradesh,Lucknow,WaveTheWaveMallLucknow,Hindi,18:45,Premium,190₹,100,30
Orissa,Bhubaneswar,SwatiCineplexxChristie4KDolbyAtmos,Hindi,18:45,LuxuriousRecliner,249₹,32,18
Orissa,Bhubaneswar,SwatiCineplexxChristie4KDolbyAtmos,Hindi,18:45,SofaSlider,149₹,76,18
Orissa,Bhubaneswar,SwatiCineplexxChristie4KDolbyAtmos,Hindi,18:45,Diamond,130₹,192,12
Orissa,Bhubaneswar,SwatiCineplexxChristie4KDolbyAtmos,Hindi,18:45,Gold,110₹,75,0
Haryana,Yamunanagar,PvrCityMallYamunanagar,Hindi,18:45,Classic,170₹,72,0
Haryana,Yamunanagar,PvrCityMallYamunanagar,Hindi,18:45,Prime,190₹,80,24
Haryana,Yamunanagar,PvrCityMallYamunanagar,Hindi,18:45,Recliner,445₹,12,3
Haryana,Rohtak,InoxSkytechMall,Hindi,18:45,Royale,160₹,49,10
Haryana,Rohtak,InoxSkytechMall,Hindi,18:45,Club,140₹,72,2
Haryana,Rohtak,InoxSkytechMall,Hindi,18:45,Executive,110₹,51,0
Chhattisgarh,Raigarh,RkMoviezRaigarh,Hindi,18:45,Classic,120₹,33,2
Chhattisgarh,Raigarh,RkMoviezRaigarh,Hindi,18:45,Silver,170₹,44,0
Chhattisgarh,Raigarh,RkMoviezRaigarh,Hindi,18:45,Prime,200₹,55,0
Chhattisgarh,Raigarh,RkMoviezRaigarh,Hindi,18:45,Gold,350₹,7,0
UttarPradesh,Agra,BharatStarworldCinemaAgra,Hindi,18:45,Platinum,110₹,198,0
UttarPradesh,Agra,BharatStarworldCinemaAgra,Hindi,18:45,Prime,110₹,102,10
UttarPradesh,NationalCapitalRegionNcr,CinepolisPacificNsp2Delhi,Hindi,18:45,Normal,300₹,77,0
UttarPradesh,NationalCapitalRegionNcr,CinepolisPacificNsp2Delhi,Hindi,18:45,Executive,320₹,96,39
UttarPradesh,NationalCapitalRegionNcr,CinepolisPacificNsp2Delhi,Hindi,18:45,Vip,460₹,11,11
Gujarat,Nadiad,InoxOpalOneMallNadiad,Hindi,18:45,RoyalRecliners,210₹,15,6
Gujarat,Nadiad,InoxOpalOneMallNadiad,Hindi,18:45,Royal,160₹,34,8
Gujarat,Nadiad,InoxOpalOneMallNadiad,Hindi,18:45,Club,140₹,51,0
Gujarat,Nadiad,InoxOpalOneMallNadiad,Hindi,18:45,Executive,112₹,34,0
Rajasthan,Jaipur,FirstCinemaJaipur,Hindi,18:45,Club,110₹,144,19
Rajasthan,Jaipur,FirstCinemaJaipur,Hindi,18:45,Gold,110₹,48,21
Rajasthan,Jaipur,FirstCinemaJaipur,Hindi,18:45,Lounge,300₹,17,5
Gujarat,Morbi,Cine36CineplexMorbi,Hindi,18:45,Box,400₹,26,0
Gujarat,Morbi,Cine36CineplexMorbi,Hindi,18:45,Platinum,500₹,27,0
Gujarat,Morbi,Cine36CineplexMorbi,Hindi,18:45,Gold,300₹,48,0
Gujarat,Morbi,Cine36CineplexMorbi,Hindi,18:45,Silver,200₹,97,0
Chhattisgarh,Korba,CinemoodMultiplexDolbyAtmosSoundKorba,Hindi,18:45,Platinum,200₹,18,4
Chhattisgarh,Korba,CinemoodMultiplexDolbyAtmosSoundKorba,Hindi,18:45,Diamond,150₹,68,0
Chhattisgarh,Korba,CinemoodMultiplexDolbyAtmosSoundKorba,Hindi,18:45,Gold,150₹,51,0
Chhattisgarh,Korba,CinemoodMultiplexDolbyAtmosSoundKorba,Hindi,18:45,Silver,100₹,34,0
WestBengal,Kolkata,CinepolisAcropolisMallKolkata,Hindi,18:45,Normal,240₹,22,2
WestBengal,Kolkata,CinepolisAcropolisMallKolkata,Hindi,18:45,Executive,260₹,64,33
WestBengal,Kolkata,CinepolisAcropolisMallKolkata,Hindi,18:45,Premium,280₹,38,23
UttarPradesh,NationalCapitalRegionNcr,WaveNoida,Hindi,18:45,Classic,200₹,206,57
Gujarat,Jamnagar,InoxCrystalMallJamnagar,Hindi,18:45,Royal,220₹,44,35
Gujarat,Jamnagar,InoxCrystalMallJamnagar,Hindi,18:45,Club,200₹,116,25
Gujarat,Jamnagar,InoxCrystalMallJamnagar,Hindi,18:45,Executive,180₹,20,0
Gujarat,Surat,CinezzaMultiplexSurat,Hindi,18:45,RoyalSofa,180₹,47,4
Gujarat,Surat,CinezzaMultiplexSurat,Hindi,18:45,Executive,160₹,330,11
Orissa,Jharsuguda,EylexCinemaJharsuguda,Hindi,18:45,Diamond,100₹,13,0
Orissa,Jharsuguda,EylexCinemaJharsuguda,Hindi,18:45,Platinum,100₹,84,1
MadhyaPradesh,Burhanpur,StarCinemasBurhanpur,Hindi,18:45,Premium,100₹,54,18
MadhyaPradesh,Burhanpur,StarCinemasBurhanpur,Hindi,18:45,Royale,150₹,126,53
MadhyaPradesh,Burhanpur,StarCinemasBurhanpur,Hindi,18:45,Luxury,250₹,14,6
UttarPradesh,Lucknow,InoxUmraoMallMahanagar,Hindi,18:50,RoyaleRecliners,400₹,14,8
UttarPradesh,Lucknow,InoxUmraoMallMahanagar,Hindi,18:50,Club,190₹,125,6
UttarPradesh,Lucknow,InoxUmraoMallMahanagar,Hindi,18:50,Royale,190₹,42,21
UttarPradesh,Lucknow,InoxUmraoMallMahanagar,Hindi,18:50,Executive,150₹,34,0
UttarPradesh,NationalCapitalRegionNcr,UsCinemasErosMallIndirapuram,Hindi,18:50,Luxury,150₹,60,0
UttarPradesh,NationalCapitalRegionNcr,UsCinemasErosMallIndirapuram,Hindi,18:50,LuxPlus,180₹,195,5
Maharashtra,Mumbai,PvrIconInfinitiAndheriW,Hindi,18:55,Classic,200₹,45,0
Maharashtra,Mumbai,PvrIconInfinitiAndheriW,Hindi,18:55,Prime,200₹,179,85
Maharashtra,Mumbai,PvrIconInfinitiAndheriW,Hindi,18:55,Recliner,500₹,12,11
Rajasthan,Jodhpur,InoxAnsalRoyalPlaza,Hindi,18:55,RoyalRecliner,370₹,12,3
Rajasthan,Jodhpur,InoxAnsalRoyalPlaza,Hindi,18:55,Royale,200₹,42,16
Rajasthan,Jodhpur,InoxAnsalRoyalPlaza,Hindi,18:55,Club,180₹,139,7
Rajasthan,Jodhpur,InoxAnsalRoyalPlaza,Hindi,18:55,Executive,160₹,34,4
MadhyaPradesh,Shahdol,HarborCinemasKSquareMallShahdolMp,Hindi,19:00,Silver,150₹,36,0
MadhyaPradesh,Shahdol,HarborCinemasKSquareMallShahdolMp,Hindi,19:00,Gold,170₹,93,2
Chhattisgarh,Raipur,InoxCityMall36GERoad,Hindi,19:00,Platinum,150₹,43,23
Chhattisgarh,Raipur,InoxCityMall36GERoad,Hindi,19:00,Gold,130₹,192,16
Chhattisgarh,Raipur,InoxCityMall36GERoad,Hindi,19:00,Club,110₹,32,1
Maharashtra,Mumbai,MovieMaxSion,Hindi,19:00,Classic,150₹,45,45
Maharashtra,Mumbai,MovieMaxSion,Hindi,19:00,Prime,150₹,93,93
Maharashtra,Mumbai,MovieMaxSion,Hindi,19:00,PrimePlus,250₹,6,6
UttarPradesh,NationalCapitalRegionNcr,RajhansCinemasPrimeLoungeGreaterNoida,Hindi,19:00,Recliner,500₹,55,10
MadhyaPradesh,Indore,InoxNexusIndoreCentralMallRegalSquare,Hindi,19:00,Insignia,510₹,31,6
WestBengal,Howrah,MirajCinemasHowrah,Hindi,19:00,Premium,150₹,153,28
WestBengal,Howrah,MirajCinemasHowrah,Hindi,19:00,Deluxe,150₹,106,0
Rajasthan,Bhiwadi,LegendSrsCinemasBhiwadi,Hindi,19:00,Platinum,150₹,144,3
Rajasthan,Bhiwadi,LegendSrsCinemasBhiwadi,Hindi,19:00,Gold,130₹,36,3
Gujarat,Gandhidham,RajhansCinemasGandhidham,Hindi,19:00,Recliner,350₹,27,7
Gujarat,Gandhidham,RajhansCinemasGandhidham,Hindi,19:00,Executive,200₹,242,36
Gujarat,Gandhidham,RajhansCinemasGandhidham,Hindi,19:00,Royal,180₹,58,0
Gujarat,Gandhidham,RajhansCinemasGandhidham,Hindi,19:00,Marvel,160₹,29,0
Gujarat,Ahmedabad,CinepolisNexusAhmedabadOne,Hindi,19:00,Normal,200₹,39,0
Gujarat,Ahmedabad,CinepolisNexusAhmedabadOne,Hindi,19:00,Executive,230₹,168,40
Gujarat,Ahmedabad,CinepolisNexusAhmedabadOne,Hindi,19:00,Premium,280₹,68,35
UttarPradesh,NationalCapitalRegionNcr,WaveRajaGarden,Hindi,19:00,Classic,210₹,142,23
MadhyaPradesh,Jabalpur,SamdareeyaEraCinemaJabalpur,Hindi,19:00,Platinum,99₹,82,4
MadhyaPradesh,Jabalpur,SamdareeyaEraCinemaJabalpur,Hindi,19:00,Gold,99₹,180,2
MadhyaPradesh,Jabalpur,SamdareeyaEraCinemaJabalpur,Hindi,19:00,Silver,99₹,76,0
Gujarat,Anand,PvrMarutiSolarisAnand,Hindi,19:00,Classic,150₹,38,0
Gujarat,Anand,PvrMarutiSolarisAnand,Hindi,19:00,ClassicPlus,150₹,38,0
Gujarat,Anand,PvrMarutiSolarisAnand,Hindi,19:00,Prime,170₹,133,9
Gujarat,Anand,PvrMarutiSolarisAnand,Hindi,19:00,PrimePlus,170₹,61,23
Maharashtra,Mumbai,AshokAnilMultiplexMirajCinemasUlhasnagar,Hindi,19:00,Gold,150₹,125,13
Maharashtra,Mumbai,FunCinemasKStarMallChembur,Hindi,19:00,Normal,170₹,106,0
Maharashtra,Mumbai,FunCinemasKStarMallChembur,Hindi,19:00,Executive,170₹,72,13
Maharashtra,Mumbai,FunCinemasKStarMallChembur,Hindi,19:00,Premium,190₹,46,23
Gujarat,Gandhinagar,CinemaxSumanGandhinagar,Hindi,19:00,Classic,110₹,42,0
Gujarat,Gandhinagar,CinemaxSumanGandhinagar,Hindi,19:00,ClassicPlus,140₹,47,4
Gujarat,Gandhinagar,CinemaxSumanGandhinagar,Hindi,19:00,Prime,175₹,98,2
Gujarat,Gandhinagar,CinemaxSumanGandhinagar,Hindi,19:00,Recliner,350₹,23,0
Orissa,Kantabanji,AlishanCentralKantabanji,Hindi,19:00,Recliner,400₹,10,0
Orissa,Kantabanji,AlishanCentralKantabanji,Hindi,19:00,Premium,200₹,28,0
Orissa,Kantabanji,AlishanCentralKantabanji,Hindi,19:00,Executive,150₹,84,0
Orissa,Kantabanji,AlishanCentralKantabanji,Hindi,19:00,Lounger,150₹,10,0
MadhyaPradesh,Rewa,SamdareeyaCinemaGoldRewa,Hindi,19:00,Lounger,150₹,16,1
MadhyaPradesh,Rewa,SamdareeyaCinemaGoldRewa,Hindi,19:00,Silver,120₹,30,0
MadhyaPradesh,Rewa,SamdareeyaCinemaGoldRewa,Hindi,19:00,Gold,150₹,122,7
MadhyaPradesh,Rewa,SamdareeyaCinemaGoldRewa,Hindi,19:00,Platinum,220₹,64,0
MadhyaPradesh,Rewa,SamdareeyaCinemaGoldRewa,Hindi,19:00,Sofa,250₹,20,0
MadhyaPradesh,Rewa,SamdareeyaCinemaGoldRewa,Hindi,19:00,Recliner,350₹,17,0
UttarPradesh,NationalCapitalRegionNcr,UsCinemaEminenceCutGalaxyBlueSapphire,Hindi,19:00,Royal,300₹,16,0
UttarPradesh,NationalCapitalRegionNcr,UsCinemaEminenceCutGalaxyBlueSapphire,Hindi,19:00,RoyalPlus,400₹,42,16
Gujarat,Ahmedabad,RajhansCinemasSatadhar,Hindi,19:00,Executive,190₹,184,26
Gujarat,Ahmedabad,RajhansCinemasSatadhar,Hindi,19:00,Royal,170₹,112,12
Gujarat,Ahmedabad,RajhansCinemasSatadhar,Hindi,19:00,Marvel,150₹,32,4
Gujarat,Ahmedabad,RajhansCinemasSatadhar,Hindi,19:00,Box,190₹,6,6
WestBengal,Jiaganj,MahabirJainMunicipaltyCulturalJiaganj,Hindi,19:00,Balcony,120₹,95,0
WestBengal,Jiaganj,MahabirJainMunicipaltyCulturalJiaganj,Hindi,19:00,RearStall,100₹,286,0
UttarPradesh,NationalCapitalRegionNcr,LegendSrsCinemasFaridabad,Hindi,19:00,SilverClass,100₹,32,0
UttarPradesh,NationalCapitalRegionNcr,LegendSrsCinemasFaridabad,Hindi,19:00,GoldClass,120₹,99,0
UttarPradesh,NationalCapitalRegionNcr,LegendSrsCinemasFaridabad,Hindi,19:00,OnlineClass,120₹,38,0
UttarPradesh,NationalCapitalRegionNcr,LegendSrsCinemasFaridabad,Hindi,19:00,PlatinumClass,120₹,53,0
UttarPradesh,Ghazipur,AvStarCinemaGhazipur,Hindi,19:00,Diamond,200₹,37,0
UttarPradesh,Ghazipur,AvStarCinemaGhazipur,Hindi,19:00,Gold,190₹,73,0
UttarPradesh,Ghazipur,AvStarCinemaGhazipur,Hindi,19:00,Silver,170₹,130,0
Gujarat,Ahmedabad,NyCinemasAhmedabad,Hindi,19:00,Recliner,300₹,15,3
Gujarat,Ahmedabad,NyCinemasAhmedabad,Hindi,19:00,Comforts,220₹,26,6
Gujarat,Ahmedabad,NyCinemasAhmedabad,Hindi,19:00,Prime,180₹,126,0
Gujarat,Ahmedabad,NyCinemasAhmedabad,Hindi,19:00,Classic,150₹,34,0
Gujarat,Vadodara,CinepolisInorbitVadodaraMall,Hindi,19:00,Normal,180₹,24,0
Gujarat,Vadodara,CinepolisInorbitVadodaraMall,Hindi,19:00,Premium,180₹,38,28
Gujarat,Vadodara,CinepolisInorbitVadodaraMall,Hindi,19:00,Executive,180₹,93,8
Maharashtra,Pune,PvrKumarPacificPune,Hindi,19:00,Classic,210₹,26,0
Maharashtra,Pune,PvrKumarPacificPune,Hindi,19:00,Prime,220₹,180,12
Maharashtra,Pune,PvrKumarPacificPune,Hindi,19:00,Recliner,400₹,14,8
Maharashtra,Gondia,GoldCinemaGovindpurRoadGondia,Hindi,19:00,Platinum,110₹,150,14
Maharashtra,Gondia,EosCinemasGondia,Hindi,19:00,Gold,100₹,52,0
Maharashtra,Gondia,EosCinemasGondia,Hindi,19:00,Platinum,100₹,62,0
UttarPradesh,NationalCapitalRegionNcr,CinepolisDlfAvenueSaket,Hindi,19:05,Normal,110₹,42,7
UttarPradesh,NationalCapitalRegionNcr,CinepolisDlfAvenueSaket,Hindi,19:05,Executive,110₹,59,57
UttarPradesh,NationalCapitalRegionNcr,CinepolisDlfAvenueSaket,Hindi,19:05,Premium,110₹,48,43
UttarPradesh,NationalCapitalRegionNcr,CinepolisDlfAvenueSaket,Hindi,19:05,Vip,200₹,10,10
Gujarat,Anand,InoxAnandCityPulseMall,Hindi,19:05,Gold,140₹,52,10
Gujarat,Surat,InoxVrMallSurat,Hindi,19:05,RoyalRecliner,430₹,18,18
Gujarat,Surat,InoxVrMallSurat,Hindi,19:05,Royal,240₹,60,53
Gujarat,Surat,InoxVrMallSurat,Hindi,19:05,Club,210₹,122,33
Gujarat,Surat,InoxVrMallSurat,Hindi,19:05,Executive,190₹,34,0
UttarPradesh,NationalCapitalRegionNcr,PvrCityCentreGurgaon,Hindi,19:05,Classic,149₹,72,0
UttarPradesh,NationalCapitalRegionNcr,PvrCityCentreGurgaon,Hindi,19:05,Prime,149₹,130,37
UttarPradesh,NationalCapitalRegionNcr,PvrCityCentreGurgaon,Hindi,19:05,Recliner,349₹,18,16
Gujarat,Bharuch,InoxShreeRangPalaceZadeshwarRoad,Hindi,19:05,Club,210₹,21,0
Gujarat,Bharuch,InoxShreeRangPalaceZadeshwarRoad,Hindi,19:05,Gold,170₹,159,21
Gujarat,Bharuch,InoxShreeRangPalaceZadeshwarRoad,Hindi,19:05,Silver,160₹,57,0
MadhyaPradesh,Gwalior,FunCinemasDdCityMallGwalior,Hindi,19:05,Normal,180₹,110,1
MadhyaPradesh,Gwalior,FunCinemasDdCityMallGwalior,Hindi,19:05,Executive,190₹,209,27
UttarPradesh,Varanasi,PdrCinemasVaranasi,Hindi,19:10,Silver,160₹,95,0
UttarPradesh,Varanasi,PdrCinemasVaranasi,Hindi,19:10,Gold,200₹,161,0
UttarPradesh,Varanasi,PdrCinemasVaranasi,Hindi,19:10,Diamond,250₹,47,13
Bihar,Muzaffarpur,CinepolisGrandMallMuzaffarpur,Hindi,19:10,Normal,170₹,34,0
Bihar,Muzaffarpur,CinepolisGrandMallMuzaffarpur,Hindi,19:10,Executive,190₹,90,4
Bihar,Muzaffarpur,CinepolisGrandMallMuzaffarpur,Hindi,19:10,Premium,210₹,55,0
UttarPradesh,Lucknow,InoxEmeraldMallLucknow,Hindi,19:10,Royale,180₹,83,21
UttarPradesh,Lucknow,InoxEmeraldMallLucknow,Hindi,19:10,Club,170₹,70,0
UttarPradesh,Lucknow,InoxEmeraldMallLucknow,Hindi,19:10,Executive,160₹,28,0
UttarPradesh,Lucknow,InoxCrownMallLucknow,Hindi,19:10,RoyaleRecliners,400₹,13,5
UttarPradesh,Lucknow,InoxCrownMallLucknow,Hindi,19:10,Club,190₹,95,7
UttarPradesh,Lucknow,InoxCrownMallLucknow,Hindi,19:10,Royale,190₹,45,18
UttarPradesh,Lucknow,InoxCrownMallLucknow,Hindi,19:10,Executive,150₹,26,0
Maharashtra,Jalgaon,InoxKhandeshCentralMall,Hindi,19:10,Club,130₹,160,20
Maharashtra,Jalgaon,InoxKhandeshCentralMall,Hindi,19:10,Executive,130₹,80,0
Maharashtra,Jalgaon,InoxKhandeshCentralMall,Hindi,19:10,Royal,130₹,77,40
Maharashtra,Mumbai,InoxInsigniaAtAtriaMallWorli,Hindi,19:10,Insignia,"1,100₹",30,9
UttarPradesh,NationalCapitalRegionNcr,MsxSilvercityHaldiramCitymallSec12Faridabad,Hindi,19:10,Platinum,100₹,201,15
Karnataka,Bengaluru,InoxBrookefieldMall,Hindi,19:10,Club,220₹,28,27
Karnataka,Bengaluru,InoxBrookefieldMall,Hindi,19:10,Executive,200₹,85,28
HimachalPradesh,Bilaspur,City36CinemasBilaspur,Hindi,19:15,Premium,140₹,45,0
HimachalPradesh,Bilaspur,City36CinemasBilaspur,Hindi,19:15,Gold,140₹,183,19
HimachalPradesh,Bilaspur,City36CinemasBilaspur,Hindi,19:15,Recliner,400₹,19,13
MadhyaPradesh,Indore,InoxSapnaSangeetaMallSnehaNagar,Hindi,19:15,Club,230₹,160,37
MadhyaPradesh,Indore,InoxSapnaSangeetaMallSnehaNagar,Hindi,19:15,Royale,230₹,43,43
MadhyaPradesh,Indore,InoxSapnaSangeetaMallSnehaNagar,Hindi,19:15,Executive,210₹,80,0
UttarPradesh,NationalCapitalRegionNcr,InoxGurgaonDreamz,Hindi,19:15,Club,280₹,171,17
UttarPradesh,NationalCapitalRegionNcr,InoxGurgaonDreamz,Hindi,19:15,Executive,250₹,40,1
MadhyaPradesh,Bhopal,CinepolisAashimaMallBhopal,Hindi,19:15,Normal,160₹,30,0
MadhyaPradesh,Bhopal,CinepolisAashimaMallBhopal,Hindi,19:15,Executive,160₹,102,5
MadhyaPradesh,Bhopal,CinepolisAashimaMallBhopal,Hindi,19:15,Premium,160₹,83,23
UttarPradesh,Kanpur,MovietimeCinemasRatanEleganceKanpur,Hindi,19:15,Silver,99₹,36,0
UttarPradesh,Kanpur,MovietimeCinemasRatanEleganceKanpur,Hindi,19:15,Gold,99₹,60,0
UttarPradesh,Kanpur,MovietimeCinemasRatanEleganceKanpur,Hindi,19:15,Platinum,99₹,80,3
Gujarat,Surat,PvrRahulRajSurat,Hindi,19:15,Classic,150₹,30,0
Gujarat,Surat,PvrRahulRajSurat,Hindi,19:15,ClassicPlus,170₹,30,6
Gujarat,Surat,PvrRahulRajSurat,Hindi,19:15,Prime,190₹,87,74
Gujarat,Surat,PvrRahulRajSurat,Hindi,19:15,Recliner,320₹,24,19
Maharashtra,Pune,AbhiruchiCityPrideSinhagadRoad,Hindi,19:15,RoyalSofa,180₹,12,7
Maharashtra,Pune,AbhiruchiCityPrideSinhagadRoad,Hindi,19:15,RoyalGold,160₹,123,15
Maharashtra,Pune,AbhiruchiCityPrideSinhagadRoad,Hindi,19:15,RoyalSilver,140₹,30,0
UttarPradesh,NationalCapitalRegionNcr,MovietimeCinemasSector18Noida,Hindi,19:15,Premium,99₹,175,33
UttarPradesh,NationalCapitalRegionNcr,MovieMaxPacificMallGhaziabad,Hindi,19:15,Club,220₹,92,11
UttarPradesh,NationalCapitalRegionNcr,MovieMaxPacificMallGhaziabad,Hindi,19:15,Premium,220₹,146,0
UttarPradesh,NationalCapitalRegionNcr,MovieMaxPacificMallGhaziabad,Hindi,19:15,Executive,200₹,92,0
Gujarat,Ahmedabad,RajhansCinemasVastral,Hindi,19:15,Recliner,300₹,20,8
Gujarat,Ahmedabad,RajhansCinemasVastral,Hindi,19:15,Executive,190₹,125,37
Gujarat,Ahmedabad,RajhansCinemasVastral,Hindi,19:15,Royal,170₹,49,11
Gujarat,Ahmedabad,RajhansCinemasVastral,Hindi,19:15,Marvel,150₹,38,0
Gujarat,Morbi,NexusCinemaMorbi,Hindi,19:15,Recliner,500₹,17,0
Gujarat,Morbi,NexusCinemaMorbi,Hindi,19:15,Platinum,400₹,17,0
Gujarat,Morbi,NexusCinemaMorbi,Hindi,19:15,Gold,300₹,176,7
Gujarat,Morbi,NexusCinemaMorbi,Hindi,19:15,Silver,200₹,66,2
Gujarat,Vadodara,PvrTransCubeVadodara,Hindi,19:20,Classic,180₹,39,0
Gujarat,Vadodara,PvrTransCubeVadodara,Hindi,19:20,Prime,180₹,90,11
Gujarat,Vadodara,PvrTransCubeVadodara,Hindi,19:20,Recliner,300₹,8,0
Gujarat,Ahmedabad,BananaSmartplexSbrThaltej,Hindi,19:25,Lounger,260₹,12,0
Gujarat,Ahmedabad,BananaSmartplexSbrThaltej,Hindi,19:25,Premium,210₹,82,14
Maharashtra,Mumbai,InoxThakurMallDahisar,Hindi,19:25,RoyaleRecliner,320₹,18,14
Maharashtra,Mumbai,InoxThakurMallDahisar,Hindi,19:25,Royale,200₹,108,36
Maharashtra,Mumbai,InoxThakurMallDahisar,Hindi,19:25,Club,180₹,294,12
Maharashtra,Mumbai,InoxThakurMallDahisar,Hindi,19:25,Executive,180₹,48,0
UttarPradesh,NationalCapitalRegionNcr,CinepolisJanakCinemaNewDelhi,Hindi,19:25,Normal,220₹,26,0
UttarPradesh,NationalCapitalRegionNcr,CinepolisJanakCinemaNewDelhi,Hindi,19:25,Executive,240₹,112,18
UttarPradesh,NationalCapitalRegionNcr,CinepolisJanakCinemaNewDelhi,Hindi,19:25,Premium,260₹,28,15
Maharashtra,Pune,CinepolisSeasonsMallPune,Hindi,19:25,Normal,210₹,23,0
Maharashtra,Pune,CinepolisSeasonsMallPune,Hindi,19:25,Executive,210₹,68,28
Maharashtra,Pune,CinepolisSeasonsMallPune,Hindi,19:25,Premium,230₹,40,38
Maharashtra,Mumbai,PvrInfinitiMaladMumbai,Hindi,19:25,Classic,230₹,44,0
Maharashtra,Mumbai,PvrInfinitiMaladMumbai,Hindi,19:25,Prime,250₹,192,72
Maharashtra,Mumbai,PvrInfinitiMaladMumbai,Hindi,19:25,Recliner,450₹,16,13
Maharashtra,Mumbai,CinepolisVipVivianaMallThane,Hindi,19:30,VipExecutive,450₹,20,4
Maharashtra,Mumbai,CinepolisVipVivianaMallThane,Hindi,19:30,VipPremium,500₹,54,26
Jharkhand,Ranchi,MirajCinemasSandhyaTowerRanchi,Hindi,19:30,Silver,110₹,40,0
Jharkhand,Ranchi,MirajCinemasSandhyaTowerRanchi,Hindi,19:30,Gold,110₹,176,3
Jharkhand,Ranchi,MirajCinemasSandhyaTowerRanchi,Hindi,19:30,Platinum,110₹,118,24
UttarPradesh,NationalCapitalRegionNcr,InoxAiplJoyStreetGurgaon,Hindi,19:30,RoyaleRecliner,370₹,9,7
UttarPradesh,NationalCapitalRegionNcr,InoxAiplJoyStreetGurgaon,Hindi,19:30,Club,200₹,52,0
UttarPradesh,NationalCapitalRegionNcr,InoxAiplJoyStreetGurgaon,Hindi,19:30,Royale,200₹,60,21
UttarPradesh,NationalCapitalRegionNcr,InoxAiplJoyStreetGurgaon,Hindi,19:30,Executive,180₹,26,0
Gujarat,Vadodara,InoxTakshGalaxyMallWaghodia,Hindi,19:30,Club,170₹,36,0
Gujarat,Vadodara,InoxTakshGalaxyMallWaghodia,Hindi,19:30,Executive,170₹,18,0
Gujarat,Vadodara,InoxTakshGalaxyMallWaghodia,Hindi,19:30,Royal,170₹,95,13
UttarPradesh,NationalCapitalRegionNcr,MovieMaxGulshanNoida,Hindi,19:30,MaxRecliner,300₹,15,15
UttarPradesh,NationalCapitalRegionNcr,MovieMaxGulshanNoida,Hindi,19:30,Executive,200₹,51,21
UttarPradesh,NationalCapitalRegionNcr,MovieMaxGulshanNoida,Hindi,19:30,Prime,150₹,96,4
UttarPradesh,NationalCapitalRegionNcr,MovieMaxGulshanNoida,Hindi,19:30,Club,150₹,32,1
Maharashtra,Mumbai,PvrLuxeMarketCityKurlaMumbai,Hindi,19:30,GoldStar,550₹,36,10
Maharashtra,Mumbai,PvrLuxeMarketCityKurlaMumbai,Hindi,19:30,GoldPremium,650₹,24,12
WestBengal,Burdwan,InoxBurdwanArcadeBBGhoshRoad,Hindi,19:30,Royal,170₹,48,10
WestBengal,Burdwan,InoxBurdwanArcadeBBGhoshRoad,Hindi,19:30,Club,150₹,72,0
WestBengal,Burdwan,InoxBurdwanArcadeBBGhoshRoad,Hindi,19:30,Executive,140₹,36,0
Maharashtra,Mumbai,InoxRCityGhatkopar,Hindi,19:30,RoyalRecliner,620₹,16,13
Maharashtra,Mumbai,InoxRCityGhatkopar,Hindi,19:30,Royal,340₹,63,53
Maharashtra,Mumbai,InoxRCityGhatkopar,Hindi,19:30,Club,320₹,111,19
Maharashtra,Mumbai,InoxRCityGhatkopar,Hindi,19:30,Executive,300₹,53,0
UttarPradesh,NationalCapitalRegionNcr,UsCinemaEuropaGalaxyBlueSapphire,Hindi,19:30,Lux,160₹,80,0
UttarPradesh,NationalCapitalRegionNcr,UsCinemaEuropaGalaxyBlueSapphire,Hindi,19:30,LuxPlus,190₹,143,26
UttarPradesh,NationalCapitalRegionNcr,CinepolisUnityOneMallRohiniDelhi,Hindi,19:30,Normal,250₹,26,0
UttarPradesh,NationalCapitalRegionNcr,CinepolisUnityOneMallRohiniDelhi,Hindi,19:30,Executive,260₹,135,26
Gujarat,Ahmedabad,TimeCinemaCgRoadAhmedabad,Hindi,19:30,Infinity,"1,030₹",12,0
Maharashtra,Pune,CityPrideMangalaCinema,Hindi,19:30,RoyalGold,150₹,204,61
Maharashtra,Pune,CityPrideMangalaCinema,Hindi,19:30,RoyalSilver,130₹,56,5
Gujarat,Ahmedabad,RajhansCinemasNikol,Hindi,19:30,Executive,190₹,123,36
Gujarat,Ahmedabad,RajhansCinemasNikol,Hindi,19:30,Royal,170₹,73,4
Gujarat,Ahmedabad,RajhansCinemasNikol,Hindi,19:30,Marvel,150₹,26,0
Gujarat,Ahmedabad,RajhansCinemasNikol,Hindi,19:30,Box,190₹,12,12
UttarPradesh,NationalCapitalRegionNcr,PvrLogixNoida,Hindi,19:30,Classic,340₹,99,47
Gujarat,Nadiad,RajhansCinemasNadiad,Hindi,19:30,Executive,150₹,305,6
Gujarat,Nadiad,RajhansCinemasNadiad,Hindi,19:30,Royal,130₹,125,0
Gujarat,Nadiad,RajhansCinemasNadiad,Hindi,19:30,Marvel,110₹,75,0
DadraAndNagarHaveli,Silvassa,TheCineStationSilvassa,Hindi,19:30,Box,500₹,7,0
DadraAndNagarHaveli,Silvassa,TheCineStationSilvassa,Hindi,19:30,Platinum,300₹,14,3
DadraAndNagarHaveli,Silvassa,TheCineStationSilvassa,Hindi,19:30,Gold,180₹,187,6
WestBengal,Kolkata,InoxCityCenterSaltLake,Hindi,19:30,Royale,160₹,39,35
WestBengal,Kolkata,InoxCityCenterSaltLake,Hindi,19:30,DressCircle,150₹,162,37
WestBengal,Kolkata,InoxCityCenterSaltLake,Hindi,19:30,Galleria,150₹,36,0
Gujarat,Gandhidham,VinayCinemaAdipur,Hindi,19:30,Vip,250₹,24,6
Gujarat,Gandhidham,VinayCinemaAdipur,Hindi,19:30,Platinum,170₹,62,0
Gujarat,Gandhidham,VinayCinemaAdipur,Hindi,19:30,Diamond,130₹,124,5
Gujarat,Gandhidham,VinayCinemaAdipur,Hindi,19:30,Gold,130₹,111,0
Gujarat,Gandhidham,VinayCinemaAdipur,Hindi,19:30,Silver,130₹,54,0
Gujarat,Vadodara,PvrNilamberTriumphVadodara,Hindi,19:35,Classic,180₹,33,0
Gujarat,Vadodara,PvrNilamberTriumphVadodara,Hindi,19:35,Prime,180₹,134,37
Gujarat,Vadodara,PvrNilamberTriumphVadodara,Hindi,19:35,Recliner,350₹,7,5
Uttarakhand,Almora,RcmCinemaAlmora,Hindi,19:35,Silver,100₹,52,0
Uttarakhand,Almora,RcmCinemaAlmora,Hindi,19:35,Gold,100₹,39,0
Uttarakhand,Almora,RcmCinemaAlmora,Hindi,19:35,Platinum,100₹,15,0
Maharashtra,Mumbai,PvrGrowelKandivaliE,Hindi,19:35,Classic,230₹,44,0
Maharashtra,Mumbai,PvrGrowelKandivaliE,Hindi,19:35,Prime,250₹,228,80
Maharashtra,Mumbai,PvrGrowelKandivaliE,Hindi,19:35,Recliner,370₹,14,13
Haryana,Chandigarh,PvrElanteChandigarh,Hindi,19:35,Classic,230₹,160,66
Haryana,Chandigarh,PvrElanteChandigarh,Hindi,19:35,Recliner,650₹,26,4
Maharashtra,Aurangabad,InoxRelianceMallAurangabad,Hindi,19:35,RoyaleRecliners,400₹,31,5
Maharashtra,Aurangabad,InoxRelianceMallAurangabad,Hindi,19:35,Royale,220₹,66,36
Maharashtra,Aurangabad,InoxRelianceMallAurangabad,Hindi,19:35,Club,200₹,166,8
Maharashtra,Aurangabad,InoxRelianceMallAurangabad,Hindi,19:35,Executive,180₹,57,0
Gujarat,Ahmedabad,PvrAcropolisAhmedabad,Hindi,19:40,Classic,200₹,39,2
Gujarat,Ahmedabad,PvrAcropolisAhmedabad,Hindi,19:40,Prime,225₹,65,32
Gujarat,Ahmedabad,PvrAcropolisAhmedabad,Hindi,19:40,PrimePlus,275₹,66,27
Gujarat,Ahmedabad,PvrAcropolisAhmedabad,Hindi,19:40,Recliner,475₹,8,7
UttarPradesh,NationalCapitalRegionNcr,UsCinemasAdityaMallIndirapuram,Hindi,19:40,Royal,300₹,24,0
UttarPradesh,NationalCapitalRegionNcr,UsCinemasAdityaMallIndirapuram,Hindi,19:40,RoyalPlus,400₹,48,11
Uttarakhand,Haridwar,SilvercityMultiplexHaridwar,Hindi,19:40,Platinum,100₹,38,0
Uttarakhand,Haridwar,SilvercityMultiplexHaridwar,Hindi,19:40,Gold,100₹,107,0
Uttarakhand,Haridwar,SilvercityMultiplexHaridwar,Hindi,19:40,Silver,100₹,51,0
UttarPradesh,Lucknow,CinepolisOneAwadhCentreLucknow,Hindi,19:40,Normal,160₹,29,0
UttarPradesh,Lucknow,CinepolisOneAwadhCentreLucknow,Hindi,19:40,Executive,180₹,78,0
UttarPradesh,Lucknow,CinepolisOneAwadhCentreLucknow,Hindi,19:40,Premium,200₹,54,5
UttarPradesh,Lucknow,CinepolisOneAwadhCentreLucknow,Hindi,19:40,Vip,450₹,19,7
UttarPradesh,NationalCapitalRegionNcr,CinepolisCrossRiverMallShahdara,Hindi,19:45,Normal,240₹,72,0
UttarPradesh,NationalCapitalRegionNcr,CinepolisCrossRiverMallShahdara,Hindi,19:45,Executive,250₹,58,14
UttarPradesh,NationalCapitalRegionNcr,CinepolisGrandVeniceMallGreaterNoida,Hindi,19:45,Normal,170₹,26,0
UttarPradesh,NationalCapitalRegionNcr,CinepolisGrandVeniceMallGreaterNoida,Hindi,19:45,Executive,180₹,77,3
UttarPradesh,NationalCapitalRegionNcr,CinepolisGrandVeniceMallGreaterNoida,Hindi,19:45,Premium,190₹,42,16
Orissa,Rourkela,PvrForumRourkela,Hindi,19:45,Classic,170₹,28,0
Orissa,Rourkela,PvrForumRourkela,Hindi,19:45,Prime,220₹,98,6
Orissa,Rourkela,PvrForumRourkela,Hindi,19:45,PrimePlus,270₹,13,6
UttarPradesh,NationalCapitalRegionNcr,CinepolisSmartBharatMallFormerlySpiceMall,Hindi,19:45,Premium,200₹,123,14
UttarPradesh,NationalCapitalRegionNcr,CinepolisSmartBharatMallFormerlySpiceMall,Hindi,19:45,Classic,200₹,75,0
Tripura,Agartala,BalakaCinemaAgartala,Hindi,19:45,Gold,150₹,336,0
WestBengal,Siliguri,InoxVegaCircleMallSiliguri,Hindi,19:45,Gold,250₹,31,23
WestBengal,Siliguri,InoxVegaCircleMallSiliguri,Hindi,19:45,Club,220₹,28,0
WestBengal,Siliguri,InoxVegaCircleMallSiliguri,Hindi,19:45,Royal,220₹,126,15
WestBengal,Siliguri,InoxVegaCircleMallSiliguri,Hindi,19:45,Executive,200₹,28,0
Gujarat,Ahmedabad,19CinemaSouthBopalAhmedabad,Hindi,19:45,Sofa,100₹,28,0
Gujarat,Ahmedabad,19CinemaSouthBopalAhmedabad,Hindi,19:45,PlatinumSofa,150₹,14,0
Maharashtra,Mumbai,PvrIconPhoenixPalladiumLowerParelMumbai,Hindi,19:45,Lounger,320₹,14,5
Maharashtra,Mumbai,PvrIconPhoenixPalladiumLowerParelMumbai,Hindi,19:45,Classic,290₹,38,17
Maharashtra,Mumbai,PvrIconPhoenixPalladiumLowerParelMumbai,Hindi,19:45,Prime,400₹,186,47
Maharashtra,Mumbai,PvrIconPhoenixPalladiumLowerParelMumbai,Hindi,19:45,Recliner,850₹,14,10
UttarPradesh,NationalCapitalRegionNcr,CinepolisTheEsplanadeGurugram,Hindi,19:45,Normal,99₹,20,0
UttarPradesh,NationalCapitalRegionNcr,CinepolisTheEsplanadeGurugram,Hindi,19:45,Executive,99₹,44,0
UttarPradesh,NationalCapitalRegionNcr,CinepolisTheEsplanadeGurugram,Hindi,19:45,Premium,99₹,84,19
Jharkhand,Dhanbad,InoxPrabhatamGrandMallDhanbad,Hindi,19:50,Royal,260₹,186,31
Jharkhand,Dhanbad,InoxPrabhatamGrandMallDhanbad,Hindi,19:50,Club,250₹,42,0
Jharkhand,Dhanbad,InoxPrabhatamGrandMallDhanbad,Hindi,19:50,Executive,220₹,42,0
UttarPradesh,Lucknow,FunCinemasFunRepublicMallLucknow,Hindi,19:55,Normal,150₹,80,0
UttarPradesh,Lucknow,FunCinemasFunRepublicMallLucknow,Hindi,19:55,Executive,170₹,137,9
Telangana,Hyderabad,CinepolisSudhaCinemasHyderabad,Hindi,19:55,Normal,150₹,72,0
Telangana,Hyderabad,CinepolisSudhaCinemasHyderabad,Hindi,19:55,Executive,150₹,133,43
UttarPradesh,Gorakhpur,AdCinemasGorakhpur,Hindi,19:55,Gold,112₹,39,0
UttarPradesh,Gorakhpur,AdCinemasGorakhpur,Hindi,19:55,Diamond,112₹,100,0
UttarPradesh,Gorakhpur,AdCinemasGorakhpur,Hindi,19:55,Platinum,112₹,106,30
Orissa,Bhawanipatna,BhagirathiMultiplexBhawanipatna,Hindi,20:00,Recliner,300₹,12,0
Gujarat,Rajkot,CosmoplexMultiplexRajkot,Hindi,20:00,Club,250₹,65,40
UttarPradesh,Saharanpur,MirajCinemasSaharanpurUttarPradesh,Hindi,20:00,Special,150₹,128,0
UttarPradesh,Saharanpur,MirajCinemasSaharanpurUttarPradesh,Hindi,20:00,Executive,150₹,161,0
UttarPradesh,NationalCapitalRegionNcr,M2KRohini,Hindi,20:00,Silver,160₹,204,43
UttarPradesh,NationalCapitalRegionNcr,M2KRohini,Hindi,20:00,Gold,200₹,38,9
UttarPradesh,Gorakhpur,InoxOrionMallGorakhpur,Hindi,20:00,RoyaleRecliners,450₹,12,9
UttarPradesh,Gorakhpur,InoxOrionMallGorakhpur,Hindi,20:00,Royale,220₹,57,15
UttarPradesh,Gorakhpur,InoxOrionMallGorakhpur,Hindi,20:00,Club,200₹,124,0
UttarPradesh,Gorakhpur,InoxOrionMallGorakhpur,Hindi,20:00,Executive,180₹,30,0
UttarPradesh,NationalCapitalRegionNcr,InoxMsxMallGreaterNoida,Hindi,20:00,RoyaleRecliner,250₹,21,2
UttarPradesh,NationalCapitalRegionNcr,InoxMsxMallGreaterNoida,Hindi,20:00,Royale,160₹,184,13
UttarPradesh,NationalCapitalRegionNcr,InoxMsxMallGreaterNoida,Hindi,20:00,Club,140₹,160,0
Maharashtra,Mumbai,MovietimeCubicMallChembur,Hindi,20:00,Gold,150₹,16,15
Maharashtra,Mumbai,MovietimeCubicMallChembur,Hindi,20:00,Silver,150₹,143,127
HimachalPradesh,Kullu,ShoblaMultiplexKullu,Hindi,20:00,Gold,220₹,116,1
HimachalPradesh,Kullu,ShoblaMultiplexKullu,Hindi,20:00,Silver,180₹,102,0
UttarPradesh,Bareilly,PvrPhoenixUnitedBareilly,Hindi,20:00,Classic,210₹,96,2
UttarPradesh,Bareilly,PvrPhoenixUnitedBareilly,Hindi,20:00,Prime,230₹,112,42
UttarPradesh,Bareilly,PvrPhoenixUnitedBareilly,Hindi,20:00,Recliner,420₹,14,14
Assam,Silchar,GoldCinemaSilchar,Hindi,20:00,Gold,250₹,144,144
Assam,Silchar,GoldCinemaSilchar,Hindi,20:00,Silver,200₹,28,28
WestBengal,Kolkata,RdbCinemasSaltLakeKolkata,Hindi,20:00,Plat,170₹,225,25
WestBengal,Kolkata,RdbCinemasSaltLakeKolkata,Hindi,20:00,Gold,170₹,64,0
Orissa,Bhawanipatna,NewStarCineplexBhawanipatna,Hindi,20:00,Platinum,300₹,6,0
Orissa,Bhawanipatna,NewStarCineplexBhawanipatna,Hindi,20:00,Gold,180₹,88,0
Orissa,Bhawanipatna,NewStarCineplexBhawanipatna,Hindi,20:00,Silver,100₹,66,2
UttarPradesh,Lucknow,InoxGardensGalleriaMallRaebareliRoad,Hindi,20:00,Royal,170₹,73,19
UttarPradesh,Lucknow,InoxGardensGalleriaMallRaebareliRoad,Hindi,20:00,Club,150₹,120,3
UttarPradesh,Lucknow,InoxGardensGalleriaMallRaebareliRoad,Hindi,20:00,Executive,130₹,36,0
Assam,Guwahati,GrandeCinesGuwahati,Hindi,20:15,Silver,150₹,45,0
Assam,Guwahati,GrandeCinesGuwahati,Hindi,20:15,Gold,150₹,60,1
Assam,Guwahati,GrandeCinesGuwahati,Hindi,20:15,PremiumGold,150₹,89,42
Assam,Guwahati,GrandeCinesGuwahati,Hindi,20:15,ExecutiveGold,200₹,6,5
MadhyaPradesh,Gwalior,FunCinemasDdCityMallGwalior,Hindi,20:15,Normal,180₹,110,0
MadhyaPradesh,Gwalior,FunCinemasDdCityMallGwalior,Hindi,20:15,Executive,190₹,119,14
WestBengal,Kolkata,InoxQuestMall,Hindi,20:15,RoyalRecliner,650₹,85,39
UttarPradesh,Mirzapur,RajshreeStarworldCinemaMirzapur,Hindi,20:20,Platinum,110₹,210,0
UttarPradesh,Orai,ArchanaPalaceOrai,Hindi,20:20,Gold,100₹,132,0
UttarPradesh,Orai,ArchanaPalaceOrai,Hindi,20:20,Silver,100₹,36,0
UttarPradesh,LakhimpurKheri,FunCinemasLakhimpurKheri,Hindi,20:20,Recliner,250₹,19,4
UttarPradesh,LakhimpurKheri,FunCinemasLakhimpurKheri,Hindi,20:20,Premium,170₹,144,0
UttarPradesh,LakhimpurKheri,FunCinemasLakhimpurKheri,Hindi,20:20,Classic,140₹,72,1
Haryana,Chandigarh,CinepolisJagatMallChandigarh,Hindi,20:25,Normal,130₹,70,3
Haryana,Chandigarh,CinepolisJagatMallChandigarh,Hindi,20:25,Executive,180₹,139,6
Orissa,Sambalpur,EylexCinemasCityCenterMall,Hindi,20:25,Gold,100₹,41,0
Orissa,Sambalpur,EylexCinemasCityCenterMall,Hindi,20:25,Platinum,100₹,135,12
Orissa,Sambalpur,EylexCinemasCityCenterMall,Hindi,20:25,Silver,100₹,28,0
,Titlagarh,ChhotuMaharajCineCafeTitlagarh,Hindi,20:30,Classique,150₹,76,0
,Titlagarh,ChhotuMaharajCineCafeTitlagarh,Hindi,20:30,Premium,120₹,24,0
UttarPradesh,Agra,GoldCinemaAgra,Hindi,20:30,Gold,150₹,118,16
UttarPradesh,Lucknow,PvrPhoenixLucknow,Hindi,20:30,Classic,210₹,208,32
UttarPradesh,Lucknow,PvrPhoenixLucknow,Hindi,20:30,Prime,250₹,24,10
UttarPradesh,Lucknow,PvrPhoenixLucknow,Hindi,20:30,Recliner,350₹,10,3
MadhyaPradesh,Sagar,ParadisePlatinumPlazaSagar,Hindi,20:30,GoldClass,150₹,195,0
Orissa,Cuttack,InoxCuttackSgblSquareMall,Hindi,20:30,RoyalRecliner,310₹,18,12
Orissa,Cuttack,InoxCuttackSgblSquareMall,Hindi,20:30,Royal,210₹,76,10
Orissa,Cuttack,InoxCuttackSgblSquareMall,Hindi,20:30,Club,190₹,94,0
Orissa,Cuttack,InoxCuttackSgblSquareMall,Hindi,20:30,Executive,140₹,30,0
UttarPradesh,Lucknow,PvrSingaporeMallLucknow,Hindi,20:30,Classic,125₹,194,28
UttarPradesh,Baraut,ImusicaEntertainmentBaraut,Hindi,20:30,Gold,150₹,57,0
UttarPradesh,Baraut,ImusicaEntertainmentBaraut,Hindi,20:30,Redcarpet,200₹,120,0
UttarPradesh,Baraut,ImusicaEntertainmentBaraut,Hindi,20:30,Royal,300₹,11,0
Jharkhand,Ranchi,JdCinemasJdHiStreetMallRanchi,Hindi,20:30,SilverOnline,110₹,13,1
Jharkhand,Ranchi,JdCinemasJdHiStreetMallRanchi,Hindi,20:30,PremiumOnline,110₹,65,0
Jharkhand,Ranchi,JdCinemasJdHiStreetMallRanchi,Hindi,20:30,ClubOnline,150₹,65,16
Chhattisgarh,DalliRajhara,MathurCineplexDalliRajhara,Hindi,20:30,Gold,130₹,130,0
Chhattisgarh,DalliRajhara,MathurCineplexDalliRajhara,Hindi,20:30,Silver,100₹,53,0
Chhattisgarh,DalliRajhara,MathurCineplexDalliRajhara,Hindi,20:30,LowerClass,70₹,54,0
UttarPradesh,Agra,SarvCinemasAgra,Hindi,20:35,SarvLounge,500₹,40,4
Haryana,Palwal,SaimCinemasPalwal,Hindi,20:45,Box,250₹,7,0
Haryana,Palwal,SaimCinemasPalwal,Hindi,20:45,Platinum,200₹,18,0
Haryana,Palwal,SaimCinemasPalwal,Hindi,20:45,Gold,150₹,127,0
Haryana,Palwal,SaimCinemasPalwal,Hindi,20:45,Silver,110₹,105,0
UttarPradesh,NationalCapitalRegionNcr,PvrGaurCityGreaterNoida,Hindi,20:45,Classic,220₹,106,15
UttarPradesh,NationalCapitalRegionNcr,PvrGaurCityGreaterNoida,Hindi,20:45,Prime,240₹,13,8
WestBengal,Kolkata,InoxLiluahHowrah,Hindi,20:45,Club,200₹,166,17
WestBengal,Kolkata,InoxLiluahHowrah,Hindi,20:45,Executive,180₹,54,0
UttarPradesh,Kanpur,PvrDeepKanpur,Hindi,20:50,Classic,160₹,134,0
UttarPradesh,Kanpur,PvrDeepKanpur,Hindi,20:50,Prime,180₹,60,17
UttarPradesh,Kanpur,PvrDeepKanpur,Hindi,20:50,Recliner,290₹,12,10
Haryana,Chandigarh,FunCinemasRepublicMallChandigarh,Hindi,20:50,Normal,140₹,66,0
Haryana,Chandigarh,FunCinemasRepublicMallChandigarh,Hindi,20:50,Executive,150₹,166,16
UttarPradesh,NationalCapitalRegionNcr,GalaxieMultiplexGhaziabad,Hindi,21:00,Klassic,100₹,130,4
UttarPradesh,NationalCapitalRegionNcr,GalaxieMultiplexGhaziabad,Hindi,21:00,Klub,150₹,43,0
Maharashtra,Mumbai,MirajCinemasFuncityUlhasnagar,Hindi,21:00,Special,150₹,63,6
MadhyaPradesh,Katni,CityPrideKatni,Hindi,21:00,Platinum,250₹,20,0
MadhyaPradesh,Katni,CityPrideKatni,Hindi,21:00,Gold,200₹,250,0
MadhyaPradesh,Katni,CityPrideKatni,Hindi,21:00,Silver,150₹,100,0
UttarPradesh,Padrauna,QualityStarworldPadrauna,Hindi,21:00,PlatinumXl,110₹,117,4
UttarPradesh,Saharanpur,RrCinemaDolbyAtmosSoundSaharanpur,Hindi,21:00,Classic,150₹,81,0
UttarPradesh,Saharanpur,RrCinemaDolbyAtmosSoundSaharanpur,Hindi,21:00,Executive,150₹,171,29
UttarPradesh,Saharanpur,RrCinemaDolbyAtmosSoundSaharanpur,Hindi,21:00,Gold,300₹,24,10
Rajasthan,Alwar,GoldCinemaAlwar,Hindi,21:00,Diamond,230₹,35,2
Rajasthan,Alwar,GoldCinemaAlwar,Hindi,21:00,Gold,200₹,120,6
Rajasthan,Alwar,GoldCinemaAlwar,Hindi,21:00,Silver,200₹,20,0
Chhattisgarh,Raipur,InoxAmbujaCityCentreRaipur,Hindi,21:00,RoyalRecliner,330₹,18,12
Chhattisgarh,Raipur,InoxAmbujaCityCentreRaipur,Hindi,21:00,Royal,150₹,34,27
Chhattisgarh,Raipur,InoxAmbujaCityCentreRaipur,Hindi,21:00,Club,130₹,132,11
Chhattisgarh,Raipur,InoxAmbujaCityCentreRaipur,Hindi,21:00,Executive,110₹,28,0
MadhyaPradesh,Sarangpur,GopalKrishnaCineplexScreen1Sarangpur,Hindi,21:00,Box,150₹,16,0
MadhyaPradesh,Sarangpur,GopalKrishnaCineplexScreen1Sarangpur,Hindi,21:00,Platinum,100₹,51,0
MadhyaPradesh,Sarangpur,GopalKrishnaCineplexScreen1Sarangpur,Hindi,21:00,Gold,100₹,66,0
MadhyaPradesh,Sarangpur,GopalKrishnaCineplexScreen1Sarangpur,Hindi,21:00,Silver,70₹,66,0
Rajasthan,Nathdwara,MirajCinemasNathdwara,Hindi,21:00,Silver,150₹,55,0
Rajasthan,Nathdwara,MirajCinemasNathdwara,Hindi,21:00,Gold,170₹,95,0
Rajasthan,Nathdwara,MirajCinemasNathdwara,Hindi,21:00,Platinum,250₹,10,5
MadhyaPradesh,Satna,ImusicaEntertainmentsSatna,Hindi,21:00,Gold,110₹,38,0
MadhyaPradesh,Satna,ImusicaEntertainmentsSatna,Hindi,21:00,RedCarpet,140₹,112,12
MadhyaPradesh,Satna,ImusicaEntertainmentsSatna,Hindi,21:00,Royal,250₹,11,5
UttarPradesh,Mathura,RoopamStarworldMathura,Hindi,21:00,Prime,110₹,123,13
UttarPradesh,Mathura,RoopamStarworldMathura,Hindi,21:00,Platinum,110₹,66,11
Chhattisgarh,Dongargarh,ShreeCinemaDongargarh,Hindi,21:00,Gold,120₹,64,0
Maharashtra,Shirur,DigigoldNovaCinemazShirur,Hindi,21:00,Gold,150₹,80,0
Maharashtra,Shirur,DigigoldNovaCinemazShirur,Hindi,21:00,Silver,130₹,64,0
MadhyaPradesh,Jhabua,B4CinemaJhabua,Hindi,21:00,Premium,180₹,66,1
MadhyaPradesh,Jhabua,B4CinemaJhabua,Hindi,21:00,SuperStander,150₹,24,0
MadhyaPradesh,Jhabua,B4CinemaJhabua,Hindi,21:00,Stander,150₹,12,0
UttarPradesh,Aligarh,StarworldCinemasAligarh,Hindi,21:00,Prime,110₹,72,14
WestBengal,Kolkata,InoxSwabhumiMaulanaAzadSarani,Hindi,21:00,Royal,250₹,24,11
WestBengal,Kolkata,InoxSwabhumiMaulanaAzadSarani,Hindi,21:00,Club,210₹,119,5
WestBengal,Kolkata,InoxSwabhumiMaulanaAzadSarani,Hindi,21:00,Executive,180₹,32,0
Rajasthan,Jaipur,EntertainmentParadiseMirajCinemas,Hindi,21:00,Silver,110₹,54,0
Rajasthan,Jaipur,EntertainmentParadiseMirajCinemas,Hindi,21:00,Gold,110₹,324,11
Rajasthan,Jaipur,EntertainmentParadiseMirajCinemas,Hindi,21:00,Club,130₹,76,15
Rajasthan,Jaipur,EntertainmentParadiseMirajCinemas,Hindi,21:00,PlatinumRecliner,250₹,16,15
Jharkhand,Dhanbad,InoxCinemasDhanbad,Hindi,21:00,Executive,260₹,129,12
Jharkhand,Dhanbad,InoxCinemasDhanbad,Hindi,21:00,Silver,250₹,73,0
Jharkhand,Dhanbad,InoxCinemasDhanbad,Hindi,21:00,Premier,220₹,39,0
UttarPradesh,Mughalsarai,IpCinemasIpMughalMultiplex,Hindi,21:00,Silver,150₹,105,0
UttarPradesh,Mughalsarai,IpCinemasIpMughalMultiplex,Hindi,21:00,Gold,200₹,200,0
UttarPradesh,Mughalsarai,IpCinemasIpMughalMultiplex,Hindi,21:00,Diamond,250₹,10,2
UttarPradesh,Lucknow,InoxRiversideMallGomtiNagar,Hindi,21:00,Club,150₹,296,42
UttarPradesh,Lucknow,InoxRiversideMallGomtiNagar,Hindi,21:00,Executive,140₹,60,0
Gujarat,Bharuch,InoxShaalimarBharuch,Hindi,21:00,Gold,210₹,17,0
Gujarat,Bharuch,InoxShaalimarBharuch,Hindi,21:00,Premiere,150₹,238,9
Gujarat,Bharuch,InoxShaalimarBharuch,Hindi,21:00,Executive,140₹,72,0
Maharashtra,Mumbai,MirajCinemasStarAmbernath,Hindi,21:00,Platinum,170₹,70,6
Haryana,Chandigarh,PvrCosmoZirakpur,Hindi,21:00,Classic,150₹,93,1
Haryana,Chandigarh,PvrCosmoZirakpur,Hindi,21:00,Prime,150₹,126,28
Haryana,Chandigarh,PvrCosmoZirakpur,Hindi,21:00,Recliner,399₹,12,0
MadhyaPradesh,Indore,VelocityIiiMirajCinemasIndore,Hindi,21:00,Platinum,160₹,30,0
MadhyaPradesh,Indore,VelocityIiiMirajCinemasIndore,Hindi,21:00,SuperPlatinum,170₹,130,14
MadhyaPradesh,Indore,VelocityIiiMirajCinemasIndore,Hindi,21:00,Club,180₹,40,17
MadhyaPradesh,Indore,FortuneCinemaMhow,Hindi,21:00,Vip,300₹,8,0
MadhyaPradesh,Indore,FortuneCinemaMhow,Hindi,21:00,SkyBox,200₹,12,0
MadhyaPradesh,Indore,FortuneCinemaMhow,Hindi,21:00,Platinum,150₹,67,4
MadhyaPradesh,Indore,FortuneCinemaMhow,Hindi,21:00,Gold,130₹,75,0
MadhyaPradesh,Indore,FortuneCinemaMhow,Hindi,21:00,Silver,130₹,30,0
Gujarat,Morbi,SkyMultiplexMorbi,Hindi,21:00,Executive,300₹,99,16
Gujarat,Morbi,SkyMultiplexMorbi,Hindi,21:00,Gold,200₹,88,9
Maharashtra,Lonavala,TrioseMultiplexLonavala,Hindi,21:00,Gold,190₹,40,4
MadhyaPradesh,Satna,A4EntertainmentSatna,Hindi,21:00,Recliner,250₹,16,0
MadhyaPradesh,Satna,A4EntertainmentSatna,Hindi,21:00,Platinum,140₹,95,0
MadhyaPradesh,Satna,A4EntertainmentSatna,Hindi,21:00,Gold,120₹,47,0
WestBengal,Siliguri,InoxCityCentreSiliguri,Hindi,21:00,Royale,250₹,15,5
WestBengal,Siliguri,InoxCityCentreSiliguri,Hindi,21:00,Club,200₹,192,16
WestBengal,Siliguri,InoxCityCentreSiliguri,Hindi,21:00,Executive,200₹,32,0
Karnataka,Bengaluru,InoxGarudaMallMagrathRoad,Hindi,21:00,Insignia,650₹,66,22
MadhyaPradesh,Mandsaur,SkyCineplexMandsaur,Hindi,21:00,Silver,150₹,28,0
MadhyaPradesh,Mandsaur,SkyCineplexMandsaur,Hindi,21:00,Gold,150₹,42,0
MadhyaPradesh,Mandsaur,SkyCineplexMandsaur,Hindi,21:00,Platinum,150₹,44,10
MadhyaPradesh,Pithampur,AyouCinemasPithampur,Hindi,21:00,Gold,80₹,136,0
MadhyaPradesh,Pithampur,AyouCinemasPithampur,Hindi,21:00,Silver,80₹,51,0
Chhattisgarh,Dhamtari,EosCinemasDhamtari,Hindi,21:00,Prime,150₹,27,3
Chhattisgarh,Dhamtari,EosCinemasDhamtari,Hindi,21:00,Club,100₹,72,6
Chhattisgarh,Dhamtari,EosCinemasDhamtari,Hindi,21:00,Premium,100₹,54,0
Bihar,Muzaffarpur,ShyamTalkiesCineGalaxyMuzaffarpur,Hindi,21:05,Deluxe,300₹,22,0
Bihar,Muzaffarpur,ShyamTalkiesCineGalaxyMuzaffarpur,Hindi,21:05,Executive,200₹,30,0
Bihar,Muzaffarpur,ShyamTalkiesCineGalaxyMuzaffarpur,Hindi,21:05,Gold,150₹,169,0
WestBengal,Kolkata,PvrUniworldDowntownMallNewTownKolkata,Hindi,21:05,Classic,160₹,60,2
WestBengal,Kolkata,PvrUniworldDowntownMallNewTownKolkata,Hindi,21:05,Prime,200₹,180,10
WestBengal,Kolkata,PvrUniworldDowntownMallNewTownKolkata,Hindi,21:05,Recliner,410₹,6,4
WestBengal,Kolkata,InoxForumMallElginRoad,Hindi,21:10,Royal,300₹,43,12
WestBengal,Kolkata,InoxForumMallElginRoad,Hindi,21:10,DressCircle,260₹,100,4
WestBengal,Kolkata,InoxForumMallElginRoad,Hindi,21:10,Galleria,230₹,28,4
UttarPradesh,NationalCapitalRegionNcr,InoxOmaxeConnaughtPlaceMallGreaterNoida,Hindi,21:10,RoyaleRecliners,370₹,15,0
UttarPradesh,NationalCapitalRegionNcr,InoxOmaxeConnaughtPlaceMallGreaterNoida,Hindi,21:10,Royale,190₹,158,19
UttarPradesh,NationalCapitalRegionNcr,InoxOmaxeConnaughtPlaceMallGreaterNoida,Hindi,21:10,Club,170₹,98,3
UttarPradesh,NationalCapitalRegionNcr,PvrPacificDwarka,Hindi,21:10,Classic,200₹,56,9
UttarPradesh,NationalCapitalRegionNcr,PvrPacificDwarka,Hindi,21:10,Prime,230₹,25,15
UttarPradesh,Lucknow,PvrSuperplexLuluLucknow,Hindi,21:10,Classic,180₹,30,0
UttarPradesh,Lucknow,PvrSuperplexLuluLucknow,Hindi,21:10,ClassicPlus,250₹,90,0
UttarPradesh,Lucknow,PvrSuperplexLuluLucknow,Hindi,21:10,Prime,275₹,108,18
UttarPradesh,Lucknow,PvrSuperplexLuluLucknow,Hindi,21:10,Recliner,450₹,9,0
UttarPradesh,NationalCapitalRegionNcr,SaimCinemasSlfMallSec3033Faridabad,Hindi,21:15,Gold,100₹,66,0
UttarPradesh,NationalCapitalRegionNcr,SaimCinemasSlfMallSec3033Faridabad,Hindi,21:15,Silver,100₹,80,0
Gujarat,Surat,InoxDrWorldSurat,Hindi,21:15,Club,190₹,63,2
Gujarat,Surat,InoxDrWorldSurat,Hindi,21:15,Royal,190₹,83,28
Gujarat,Surat,InoxDrWorldSurat,Hindi,21:15,Executive,170₹,46,1
Rajasthan,Jaipur,FunstarCinemasVidhyadharNagarJaipur,Hindi,21:15,Platinum,100₹,70,38
Rajasthan,Jaipur,FunstarCinemasVidhyadharNagarJaipur,Hindi,21:15,Gold,100₹,90,36
Rajasthan,Jaipur,FunstarCinemasVidhyadharNagarJaipur,Hindi,21:15,Silver,100₹,30,0
UttarPradesh,Varanasi,IpCinemasIpVijayaMallVaranasi,Hindi,21:15,Gold,200₹,132,2
UttarPradesh,Varanasi,IpCinemasIpVijayaMallVaranasi,Hindi,21:15,Silver,150₹,108,0
UttarPradesh,Varanasi,IpCinemasIpVijayaMallVaranasi,Hindi,21:15,Recliner,600₹,14,0
Rajasthan,Bikaner,MovieMaxCinemagicBikaner,Hindi,21:15,Platinum,180₹,64,25
Rajasthan,Bikaner,MovieMaxCinemagicBikaner,Hindi,21:15,Gold,150₹,320,2
Rajasthan,Bikaner,MovieMaxCinemagicBikaner,Hindi,21:15,Silver,150₹,104,0
Rajasthan,Bhiwadi,InoxBhiwadiGenesisMall,Hindi,21:15,Royale,190₹,51,17
Rajasthan,Bhiwadi,InoxBhiwadiGenesisMall,Hindi,21:15,Club,170₹,103,6
Rajasthan,Bhiwadi,InoxBhiwadiGenesisMall,Hindi,21:15,Executive,150₹,39,0
Chhattisgarh,Raigarh,GalaxyCinemasDolbyAtmosRaigarh,Hindi,21:15,Recliner,400₹,14,2
Chhattisgarh,Raigarh,GalaxyCinemasDolbyAtmosRaigarh,Hindi,21:15,Premium,200₹,81,8
Chhattisgarh,Raigarh,GalaxyCinemasDolbyAtmosRaigarh,Hindi,21:15,Executive,150₹,39,0
Rajasthan,Jalore,GlitzCinemasJalore,Hindi,21:15,Lounge,250₹,16,0
Rajasthan,Jalore,GlitzCinemasJalore,Hindi,21:15,Club,150₹,34,0
Rajasthan,Jalore,GlitzCinemasJalore,Hindi,21:15,Gold,150₹,113,0
MadhyaPradesh,Betul,KantishivaCinemaAndSSCineplexCinemaBetul,Hindi,21:15,Diamond,100₹,231,3
MadhyaPradesh,Betul,KantishivaCinemaAndSSCineplexCinemaBetul,Hindi,21:15,Golden,70₹,150,0
Rajasthan,Bhilwara,InoxCityCentreMallBhilwara,Hindi,21:15,Royale,220₹,27,5
Rajasthan,Bhilwara,InoxCityCentreMallBhilwara,Hindi,21:15,Club,180₹,65,8
Rajasthan,Bhilwara,InoxCityCentreMallBhilwara,Hindi,21:15,Executive,112₹,33,4
UttarPradesh,Muzaffarnagar,MayaMultiplexMuzaffarnagar,Hindi,21:15,Platinum,150₹,51,4
UttarPradesh,Muzaffarnagar,MayaMultiplexMuzaffarnagar,Hindi,21:15,Gold,120₹,72,5
UttarPradesh,Muzaffarnagar,MayaMultiplexMuzaffarnagar,Hindi,21:15,Silver,100₹,48,0
Rajasthan,Jaipur,InoxCityPlazaMallBaniPark,Hindi,21:15,PassPass,170₹,59,16
Rajasthan,Jaipur,InoxCityPlazaMallBaniPark,Hindi,21:15,Luxury,160₹,120,5
Rajasthan,Jaipur,InoxCityPlazaMallBaniPark,Hindi,21:15,Comfort,150₹,30,0
Maharashtra,Aurangabad,InoxProzoneMallAurangabad,Hindi,21:15,RoyaleRecliners,400₹,10,9
Maharashtra,Aurangabad,InoxProzoneMallAurangabad,Hindi,21:15,Royale,240₹,70,22
Maharashtra,Aurangabad,InoxProzoneMallAurangabad,Hindi,21:15,Club,220₹,93,2
Maharashtra,Aurangabad,InoxProzoneMallAurangabad,Hindi,21:15,Executive,200₹,36,0
Rajasthan,Bhiwadi,InoxBhiwadiGenesisMall,Hindi,21:15,Royale,190₹,51,17
Rajasthan,Bhiwadi,InoxBhiwadiGenesisMall,Hindi,21:15,Club,170₹,103,6
Rajasthan,Bhiwadi,InoxBhiwadiGenesisMall,Hindi,21:15,Executive,150₹,39,0
MadhyaPradesh,Shajapur,ImusicaCinemaShajapur,Hindi,21:15,Gold,110₹,45,0
MadhyaPradesh,Shajapur,ImusicaCinemaShajapur,Hindi,21:15,Redcarpet,160₹,90,0
MadhyaPradesh,Shajapur,ImusicaCinemaShajapur,Hindi,21:15,Royal,260₹,12,0
Gujarat,Ahmedabad,WideAngleAhmedabad,Hindi,21:15,Club,400₹,51,12
UttarPradesh,Gangoh,ChaudharySsMultiplexGangoh,Hindi,21:15,Silver,110₹,69,0
UttarPradesh,Gangoh,ChaudharySsMultiplexGangoh,Hindi,21:15,Gold,150₹,66,0
UttarPradesh,Gangoh,ChaudharySsMultiplexGangoh,Hindi,21:15,Platinum,180₹,14,0
MadhyaPradesh,Indore,CineSquareCinemasAirportRoadIndore,Hindi,21:15,Premium,180₹,26,7
MadhyaPradesh,Indore,CineSquareCinemasAirportRoadIndore,Hindi,21:15,Royal,200₹,104,32
MadhyaPradesh,Indore,CineSquareCinemasAirportRoadIndore,Hindi,21:15,Luxury,250₹,5,0
MadhyaPradesh,Bhopal,CinepolisDbMallBhopal,Hindi,21:20,Normal,200₹,60,0
MadhyaPradesh,Bhopal,CinepolisDbMallBhopal,Hindi,21:20,Executive,200₹,106,47
Chhattisgarh,Champa,MukundSMultiplexChampa,Hindi,21:20,Silver,80₹,72,0
Chhattisgarh,Champa,MukundSMultiplexChampa,Hindi,21:20,Golden,100₹,72,0
Chhattisgarh,Champa,MukundSMultiplexChampa,Hindi,21:20,Platinum,140₹,72,0
Chhattisgarh,Champa,MukundSMultiplexChampa,Hindi,21:20,Royal,180₹,69,0
Maharashtra,Nagpur,CinepolisVrMallNagpur,Hindi,21:25,Normal,130₹,24,0
Maharashtra,Nagpur,CinepolisVrMallNagpur,Hindi,21:25,Executive,180₹,68,2
Maharashtra,Nagpur,CinepolisVrMallNagpur,Hindi,21:25,Premium,230₹,56,11
Maharashtra,Nagpur,CinepolisVrMallNagpur,Hindi,21:25,Vip,500₹,13,7
HimachalPradesh,Bilaspur,PvrRamaMagnetoMallBilaspur,Hindi,21:25,Classic,160₹,40,0
HimachalPradesh,Bilaspur,PvrRamaMagnetoMallBilaspur,Hindi,21:25,Prime,185₹,116,33
HimachalPradesh,Bilaspur,PvrRamaMagnetoMallBilaspur,Hindi,21:25,PrimePlus,365₹,13,7
Chhattisgarh,Bhilai,PvrTreasureIslandBhilai,Hindi,21:25,Classic,160₹,30,0
Chhattisgarh,Bhilai,PvrTreasureIslandBhilai,Hindi,21:25,Prime,185₹,79,15
Chhattisgarh,Bhilai,PvrTreasureIslandBhilai,Hindi,21:25,PrimePlus,215₹,41,13
Orissa,Jharsuguda,EylexCinemaJharsuguda,Hindi,21:25,Diamond,100₹,13,7
Orissa,Jharsuguda,EylexCinemaJharsuguda,Hindi,21:25,Platinum,100₹,84,0
Chhattisgarh,Raipur,ColorsCinemasRaipur,Hindi,21:25,Lounge,100₹,26,24
Chhattisgarh,Raipur,ColorsCinemasRaipur,Hindi,21:25,Club,100₹,112,15
Chhattisgarh,Raipur,ColorsCinemasRaipur,Hindi,21:25,Premium,100₹,100,0
Maharashtra,Mumbai,InoxInsigniaAtRMallThane,Hindi,21:30,Insignia,500₹,54,9
Maharashtra,Mumbai,PvrMarketCityKurlaPremiere,Hindi,21:30,Classic,250₹,85,7
Maharashtra,Mumbai,PvrMarketCityKurlaPremiere,Hindi,21:30,Prime,280₹,155,17
JammuAndKashmir,Jammu,WaveOneMoviesJammu,Hindi,21:30,Classic,170₹,66,0
JammuAndKashmir,Jammu,WaveOneMoviesJammu,Hindi,21:30,Premium,190₹,240,5
JammuAndKashmir,Jammu,WaveOneMoviesJammu,Hindi,21:30,Executive,210₹,102,8
MadhyaPradesh,Indore,InoxTreasureIslandNextMallRegalSquare,Hindi,21:30,Club,240₹,214,27
MadhyaPradesh,Indore,InoxTreasureIslandNextMallRegalSquare,Hindi,21:30,Executive,210₹,39,0
UttarPradesh,Jhansi,KhilonaCinemaJhansi,Hindi,21:30,Recliner,500₹,20,0
UttarPradesh,Jhansi,KhilonaCinemaJhansi,Hindi,21:30,Premium,250₹,164,0
Gujarat,Ahmedabad,2NewfangledMiniplexMoteraAhmedabad,Hindi,21:30,CoupleSeat,500₹,11,6
Chhattisgarh,Durg,TarunLvCinemasDurg,Hindi,21:30,Platinum,150₹,46,0
Chhattisgarh,Durg,TarunLvCinemasDurg,Hindi,21:30,Gold,120₹,99,10
Chhattisgarh,Durg,TarunLvCinemasDurg,Hindi,21:30,Silver,100₹,32,0
UttarPradesh,NationalCapitalRegionNcr,InoxArdeeMallGurugram,Hindi,21:30,Insignia,600₹,30,16
Maharashtra,Mumbai,G7MultiplexBandraW,Hindi,21:30,Special,150₹,38,10
Maharashtra,Mumbai,G7MultiplexBandraW,Hindi,21:30,DressCircle,150₹,9,9
Jharkhand,Jamshedpur,PjpCinepolisJamshedpur,Hindi,21:30,Normal,220₹,26,0
Jharkhand,Jamshedpur,PjpCinepolisJamshedpur,Hindi,21:30,Executive,240₹,26,8
Jharkhand,Jamshedpur,PjpCinepolisJamshedpur,Hindi,21:30,Premium,260₹,68,6
Maharashtra,Nagpur,PvrEmpressNagpur,Hindi,21:30,Classic,130₹,28,6
Maharashtra,Nagpur,PvrEmpressNagpur,Hindi,21:30,Prime,180₹,84,7
Maharashtra,Nagpur,PvrEmpressNagpur,Hindi,21:30,PrimePlus,200₹,110,26
Gujarat,Jamnagar,JcrDriveInCinemaJamnagarGujarat,Hindi,21:30,Seating,110₹,588,5
Chhattisgarh,Rajnandgaon,EosSilverScreenMultiplexRajnandgaon,Hindi,21:30,Gold,150₹,36,0
Chhattisgarh,Rajnandgaon,EosSilverScreenMultiplexRajnandgaon,Hindi,21:30,Prime,120₹,97,0
Chhattisgarh,Rajnandgaon,EosSilverScreenMultiplexRajnandgaon,Hindi,21:30,Deluxe,100₹,38,0
Chhattisgarh,Raipur,FnxCinemaRaipur,Hindi,21:30,Platinum,250₹,14,0
Chhattisgarh,Raipur,FnxCinemaRaipur,Hindi,21:30,Gold,150₹,98,0
Chhattisgarh,Raipur,FnxCinemaRaipur,Hindi,21:30,Silver,100₹,28,0
MadhyaPradesh,Mandla,KingfisherMultiplexMandla,Hindi,21:30,Silver,100₹,36,0
MadhyaPradesh,Mandla,KingfisherMultiplexMandla,Hindi,21:30,Gold,150₹,36,0
MadhyaPradesh,Mandla,KingfisherMultiplexMandla,Hindi,21:30,Platinum,200₹,60,0
MadhyaPradesh,Mandla,KingfisherMultiplexMandla,Hindi,21:30,Recliner,300₹,9,0
Gujarat,Rajpipla,CoconutCinemaRajpipla,Hindi,21:30,Box,150₹,8,0
Gujarat,Rajpipla,CoconutCinemaRajpipla,Hindi,21:30,Gold,130₹,135,0
Gujarat,Rajpipla,CoconutCinemaRajpipla,Hindi,21:30,Silver,110₹,40,0
Chandigarh,Meerut,WaveMeerut,Hindi,21:30,Classic,200₹,182,24
Chhattisgarh,Korba,NiharikaCinema2KLaserDolby71SoundKorba,Hindi,21:30,Silver,100₹,50,0
Chhattisgarh,Korba,NiharikaCinema2KLaserDolby71SoundKorba,Hindi,21:30,Gold,150₹,191,0
Chhattisgarh,Korba,NiharikaCinema2KLaserDolby71SoundKorba,Hindi,21:30,Platinum,200₹,66,0
Gujarat,Ahmedabad,1NewfangledMiniplexMondealRetailPark,Hindi,21:30,VipClub,600₹,10,7
Gujarat,Ahmedabad,1NewfangledMiniplexMondealRetailPark,Hindi,21:30,Premium,600₹,10,2
Gujarat,Ahmedabad,19CinemaNarolAhmedabad,Hindi,21:30,Platinum,140₹,21,0
Gujarat,Ahmedabad,19CinemaNarolAhmedabad,Hindi,21:30,Gold,100₹,38,0
Gujarat,Ahmedabad,19CinemaNarolAhmedabad,Hindi,21:30,Silver,100₹,18,0
UttarPradesh,Lucknow,InoxMegaplexPhoenixPalassioMall,Hindi,21:30,RoyaleRecliners,500₹,14,8
UttarPradesh,Lucknow,InoxMegaplexPhoenixPalassioMall,Hindi,21:30,Royale,250₹,68,23
UttarPradesh,Lucknow,InoxMegaplexPhoenixPalassioMall,Hindi,21:30,Club,230₹,112,0
UttarPradesh,Lucknow,InoxMegaplexPhoenixPalassioMall,Hindi,21:30,Executive,210₹,26,0
WestBengal,Kolkata,InoxHilandPark,Hindi,21:30,Royal,400₹,16,2
WestBengal,Kolkata,InoxHilandPark,Hindi,21:30,Silver,220₹,155,8
WestBengal,Kolkata,InoxHilandPark,Hindi,21:30,Premier,200₹,29,0
Gujarat,Anand,DiyaCinemaAnand,Hindi,21:30,Sofa,200₹,16,0
Gujarat,Anand,DiyaCinemaAnand,Hindi,21:30,Platinum,130₹,83,0
Chhattisgarh,Ambikapur,VasundhraCityPlexAmbikapur,Hindi,21:30,Recliner,300₹,11,0
Chhattisgarh,Ambikapur,VasundhraCityPlexAmbikapur,Hindi,21:30,Platinum,200₹,64,0
Chhattisgarh,Ambikapur,VasundhraCityPlexAmbikapur,Hindi,21:30,Gold,120₹,96,0
Telangana,Mahbubnagar,SriKrishnaTheatreMahbubnagar,Hindi,21:30,Balcony,100₹,373,0
UttarPradesh,Deoria,SurajMultiplexDeoria,Hindi,21:30,Diamond,150₹,55,30
UttarPradesh,Deoria,SurajMultiplexDeoria,Hindi,21:30,Gold,100₹,81,19
UttarPradesh,Deoria,SurajMultiplexDeoria,Hindi,21:30,Silver,100₹,26,0
Maharashtra,Nashik,InoxCinemasNashik,Hindi,21:30,Platinum,160₹,88,0
Maharashtra,Nashik,InoxCinemasNashik,Hindi,21:30,Silver,160₹,202,15
Maharashtra,Nashik,InoxCinemasNashik,Hindi,21:30,Executive,112₹,46,0
MadhyaPradesh,Burhanpur,AnkitaMultiplexBurhanpur,Hindi,21:30,Box,100₹,45,11
MadhyaPradesh,Burhanpur,AnkitaMultiplexBurhanpur,Hindi,21:30,Gold,50₹,144,0
MadhyaPradesh,Burhanpur,AnkitaMultiplexBurhanpur,Hindi,21:30,Platinum,50₹,83,5
MadhyaPradesh,Burhanpur,AnkitaMultiplexBurhanpur,Hindi,21:30,Silver,50₹,136,0
Gujarat,Vadodara,InoxSevenSeasMallFatehgunj,Hindi,21:30,Silver,180₹,114,52
Gujarat,Vadodara,InoxSevenSeasMallFatehgunj,Hindi,21:30,Executive,170₹,38,0
Gujarat,Vadodara,InoxSevenSeasMallFatehgunj,Hindi,21:30,Premiere,170₹,133,5
MadhyaPradesh,Ratlam,NyCinemasAnandBigMallRatlam,Hindi,21:30,Ebony,250₹,26,0
MadhyaPradesh,Ratlam,NyCinemasAnandBigMallRatlam,Hindi,21:30,Executive,150₹,64,0
MadhyaPradesh,Ratlam,NyCinemasAnandBigMallRatlam,Hindi,21:30,Premium,150₹,136,2
Maharashtra,Kolhapur,InoxRelianceMegaMallKolhapur,Hindi,21:30,Club,200₹,84,0
Maharashtra,Kolhapur,InoxRelianceMegaMallKolhapur,Hindi,21:30,Royale,200₹,27,11
Maharashtra,Kolhapur,InoxRelianceMegaMallKolhapur,Hindi,21:30,Executive,170₹,28,0
Maharashtra,Pune,InoxRoyalHeritageMallNibmExt,Hindi,21:30,RoyaleRecliners,500₹,14,2
Maharashtra,Pune,InoxRoyalHeritageMallNibmExt,Hindi,21:30,Club,220₹,33,2
Maharashtra,Pune,InoxRoyalHeritageMallNibmExt,Hindi,21:30,Royale,220₹,45,16
Maharashtra,Pune,InoxRoyalHeritageMallNibmExt,Hindi,21:30,Executive,200₹,22,0
UttarPradesh,Agra,SarvCinemasAgra,Hindi,21:30,SofaChair,300₹,8,0
UttarPradesh,Agra,SarvCinemasAgra,Hindi,21:30,PrimeSofa,150₹,20,9
UttarPradesh,Agra,SarvCinemasAgra,Hindi,21:30,Gold,100₹,80,0
Uttarakhand,Dehradun,MovieLoungeCrossroadsMallDehradun,Hindi,21:30,Normal,150₹,26,0
Uttarakhand,Dehradun,MovieLoungeCrossroadsMallDehradun,Hindi,21:30,Prime,200₹,68,0
Uttarakhand,Dehradun,MovieLoungeCrossroadsMallDehradun,Hindi,21:30,Executive,450₹,5,0
Bihar,Patna,CinepolisPMMallPatna,Hindi,21:30,Normal,240₹,325,34
Maharashtra,Amravati,EOrbitMultiplexAmravati,Hindi,21:30,Platinum,150₹,210,30
Maharashtra,Amravati,EOrbitMultiplexAmravati,Hindi,21:30,Gold,150₹,51,0
Chhattisgarh,Ambikapur,JcmMultiplexAmbikapur,Hindi,21:30,Recliners,350₹,24,5
Chhattisgarh,Ambikapur,JcmMultiplexAmbikapur,Hindi,21:30,Diamond,200₹,96,0
Chhattisgarh,Ambikapur,JcmMultiplexAmbikapur,Hindi,21:30,Gold,150₹,52,2
Chhattisgarh,Ambikapur,JcmMultiplexAmbikapur,Hindi,21:30,Silver,100₹,26,0
UttarPradesh,NationalCapitalRegionNcr,PvrOpulentGhaziabad,Hindi,21:30,Classic,200₹,112,0
UttarPradesh,NationalCapitalRegionNcr,PvrOpulentGhaziabad,Hindi,21:30,Prime,230₹,108,4
UttarPradesh,NationalCapitalRegionNcr,PvrOpulentGhaziabad,Hindi,21:30,Recliner,360₹,11,5
Maharashtra,Nanded,PvrTreasureBazaarMallNanded,Hindi,21:30,Classic,110₹,70,2
Maharashtra,Nanded,PvrTreasureBazaarMallNanded,Hindi,21:30,Prime,130₹,100,0
Maharashtra,Nanded,PvrTreasureBazaarMallNanded,Hindi,21:30,PrimePlus,150₹,81,6
WestBengal,Kolkata,InoxMetroJawaharlalNehruRoad,Hindi,21:35,Royal,220₹,42,9
WestBengal,Kolkata,InoxMetroJawaharlalNehruRoad,Hindi,21:35,Club,190₹,105,4
WestBengal,Kolkata,InoxMetroJawaharlalNehruRoad,Hindi,21:35,Executive,180₹,38,0
WestBengal,Kolkata,InoxSouthCityKolkata,Hindi,21:35,Silver,330₹,167,28
WestBengal,Kolkata,InoxSouthCityKolkata,Hindi,21:35,Premier,310₹,34,0
MadhyaPradesh,Indore,PvrTreasureIslandMallIndore,Hindi,21:40,Classic,220₹,38,0
MadhyaPradesh,Indore,PvrTreasureIslandMallIndore,Hindi,21:40,Prime,240₹,110,68
Maharashtra,Mumbai,CinepolisMagnetMallBhandupW,Hindi,21:40,Normal,150₹,36,0
Maharashtra,Mumbai,CinepolisMagnetMallBhandupW,Hindi,21:40,Executive,150₹,126,18
Maharashtra,Mumbai,CinepolisMagnetMallBhandupW,Hindi,21:40,Vip,300₹,26,2
WestBengal,Kolkata,PvrAvaniKolkata,Hindi,21:40,Classic,235₹,200,9
WestBengal,Kolkata,PvrAvaniKolkata,Hindi,21:40,Prime,275₹,11,8
HimachalPradesh,Bilaspur,City36CinemasBilaspur,Hindi,21:45,Premium,140₹,36,0
HimachalPradesh,Bilaspur,City36CinemasBilaspur,Hindi,21:45,Gold,140₹,102,34
HimachalPradesh,Bilaspur,City36CinemasBilaspur,Hindi,21:45,Recliner,400₹,15,7
MadhyaPradesh,Bhopal,InoxCapitalMallBhopal,Hindi,21:45,Club,140₹,185,0
MadhyaPradesh,Bhopal,InoxCapitalMallBhopal,Hindi,21:45,Executive,140₹,30,0
MadhyaPradesh,Bhopal,InoxCapitalMallBhopal,Hindi,21:45,Royal,140₹,63,15
WestBengal,Kolkata,InoxStarMallMadhyamgram,Hindi,21:45,Royal,200₹,73,10
WestBengal,Kolkata,InoxStarMallMadhyamgram,Hindi,21:45,Club,180₹,95,5
WestBengal,Kolkata,InoxStarMallMadhyamgram,Hindi,21:45,Executive,160₹,30,0
WestBengal,Kolkata,InoxCityCenterSaltLake,Hindi,21:45,DressCircle,150₹,144,24
WestBengal,Kolkata,InoxCityCenterSaltLake,Hindi,21:45,Galleria,150₹,49,0
WestBengal,Kolkata,InoxCityCenterSaltLake,Hindi,21:45,Royale,150₹,42,21
UttarPradesh,ChandpurSiau,SargamTheatreChandpurSiauBijnor,Hindi,21:45,Silver,110₹,60,0
UttarPradesh,ChandpurSiau,SargamTheatreChandpurSiauBijnor,Hindi,21:45,Gold,110₹,163,0
Maharashtra,Pune,PvrGrandHighstreetPune,Hindi,21:45,Classic,210₹,24,7
Maharashtra,Pune,PvrGrandHighstreetPune,Hindi,21:45,Prime,230₹,48,4
Maharashtra,Pune,PvrGrandHighstreetPune,Hindi,21:45,PrimePlus,270₹,80,20
Maharashtra,Pune,PvrGrandHighstreetPune,Hindi,21:45,Recliner,500₹,8,2
Haryana,Sonipat,MaxxCinemaSonipat,Hindi,21:45,Premium,80₹,172,0
Haryana,Chandigarh,RajhansCinemasPanchkula,Hindi,21:45,Executive,180₹,154,0
Haryana,Chandigarh,RajhansCinemasPanchkula,Hindi,21:45,Royal,150₹,34,0
Haryana,Chandigarh,RajhansCinemasPanchkula,Hindi,21:45,Marvel,130₹,17,2
Gujarat,Nadiad,CoconutViratMultiplexNadiad,Hindi,21:45,Platinum,130₹,14,0
Gujarat,Nadiad,CoconutViratMultiplexNadiad,Hindi,21:45,Gold,110₹,91,0
Chhattisgarh,Raigarh,RkMoviezRaigarh,Hindi,21:45,Classic,120₹,33,0
Chhattisgarh,Raigarh,RkMoviezRaigarh,Hindi,21:45,Silver,170₹,44,0
Chhattisgarh,Raigarh,RkMoviezRaigarh,Hindi,21:45,Prime,200₹,55,0
Chhattisgarh,Raigarh,RkMoviezRaigarh,Hindi,21:45,Gold,350₹,7,0
Maharashtra,Mumbai,MuktaA2CinemasJaiHindLalbaugh,Hindi,21:45,Executive,130₹,140,24
Maharashtra,Mumbai,MuktaA2CinemasJaiHindLalbaugh,Hindi,21:45,Gold,130₹,35,35
UttarPradesh,Kanpur,InoxZSquareBadaChauraha,Hindi,21:45,Royal,220₹,85,14
UttarPradesh,Kanpur,InoxZSquareBadaChauraha,Hindi,21:45,Club,200₹,148,8
UttarPradesh,Kanpur,InoxZSquareBadaChauraha,Hindi,21:45,Executive,180₹,32,0
Goa,Goa,InoxOsiaGWingMargaoGoa,Hindi,21:45,Royale,210₹,62,11
Goa,Goa,InoxOsiaGWingMargaoGoa,Hindi,21:45,Club,200₹,136,25
Goa,Goa,InoxOsiaGWingMargaoGoa,Hindi,21:45,Executive,180₹,28,0
Maharashtra,Mumbai,MetroInoxCinemasMarineLines,Hindi,21:45,Royale,360₹,92,29
Maharashtra,Mumbai,MetroInoxCinemasMarineLines,Hindi,21:45,Club,340₹,129,17
Maharashtra,Mumbai,MetroInoxCinemasMarineLines,Hindi,21:45,Executive,300₹,30,0
Rajasthan,Jaipur,FirstCinemaJaipur,Hindi,21:45,Club,110₹,144,16
Rajasthan,Jaipur,FirstCinemaJaipur,Hindi,21:45,Gold,110₹,48,25
Rajasthan,Jaipur,FirstCinemaJaipur,Hindi,21:45,Lounge,300₹,17,5
MadhyaPradesh,Ratlam,GayatriCinemasRatlam,Hindi,21:45,PlatinumClass,300₹,22,5
MadhyaPradesh,Ratlam,GayatriCinemasRatlam,Hindi,21:45,Gold,200₹,210,35
MadhyaPradesh,Ratlam,GayatriCinemasRatlam,Hindi,21:45,Silver,180₹,42,0
Uttaranchal,Rudrapur,WaveRudrapur,Hindi,21:45,Classic,170₹,248,54
MadhyaPradesh,Gwalior,InoxDbMallGwalior,Hindi,21:45,RoyaleRecliners,330₹,10,7
MadhyaPradesh,Gwalior,InoxDbMallGwalior,Hindi,21:45,Royale,230₹,75,29
MadhyaPradesh,Gwalior,InoxDbMallGwalior,Hindi,21:45,Club,220₹,72,0
MadhyaPradesh,Gwalior,InoxDbMallGwalior,Hindi,21:45,Executive,190₹,24,0
Orissa,Bhubaneswar,CinepolisEsplanadeBhubaneswar,Hindi,21:50,Normal,160₹,26,0
Orissa,Bhubaneswar,CinepolisEsplanadeBhubaneswar,Hindi,21:50,Executive,180₹,71,8
Orissa,Bhubaneswar,CinepolisEsplanadeBhubaneswar,Hindi,21:50,Premium,200₹,48,19
Orissa,Bhubaneswar,CinepolisEsplanadeBhubaneswar,Hindi,21:50,Vip,500₹,10,0
Rajasthan,Jaipur,InoxGtCentralMallJaipur,Hindi,21:50,Insignia,750₹,25,7
Chhattisgarh,Korba,ChitraMultiplex2KDolbySurround71Korba,Hindi,21:50,Classic,100₹,44,0
Chhattisgarh,Korba,ChitraMultiplex2KDolbySurround71Korba,Hindi,21:50,Premium,150₹,118,0
Chhattisgarh,Korba,ChitraMultiplex2KDolbySurround71Korba,Hindi,21:50,Executive,150₹,95,0
Chhattisgarh,Korba,ChitraMultiplex2KDolbySurround71Korba,Hindi,21:50,Sofa,200₹,19,0
UttarPradesh,NationalCapitalRegionNcr,CinepolisPacificNsp2Delhi,Hindi,21:50,Normal,300₹,77,0
UttarPradesh,NationalCapitalRegionNcr,CinepolisPacificNsp2Delhi,Hindi,21:50,Executive,320₹,96,34
UttarPradesh,NationalCapitalRegionNcr,CinepolisPacificNsp2Delhi,Hindi,21:50,Vip,460₹,11,11
UttarPradesh,NationalCapitalRegionNcr,InoxOdeonConnaughtPlace,Hindi,21:55,Platinum,393₹,32,20
UttarPradesh,NationalCapitalRegionNcr,InoxOdeonConnaughtPlace,Hindi,21:55,Gold,245₹,252,29
Chandigarh,Meerut,InoxPvsMallMeerut,Hindi,21:55,RoyaleRecliner,470₹,15,6
Chandigarh,Meerut,InoxPvsMallMeerut,Hindi,21:55,Royale,210₹,34,12
Chandigarh,Meerut,InoxPvsMallMeerut,Hindi,21:55,Club,190₹,116,6
Chandigarh,Meerut,InoxPvsMallMeerut,Hindi,21:55,Executive,170₹,40,0
Maharashtra,Mumbai,PvrLodhaXperiaPalava,Hindi,21:55,Classic,180₹,36,0
Maharashtra,Mumbai,PvrLodhaXperiaPalava,Hindi,21:55,Prime,200₹,126,16
Maharashtra,Mumbai,PvrLodhaXperiaPalava,Hindi,21:55,Recliner,290₹,12,9
Haryana,Chandigarh,PvrCentraChandigarh,Hindi,21:55,Classic,150₹,84,0
Haryana,Chandigarh,PvrCentraChandigarh,Hindi,21:55,Prime,190₹,138,25
WestBengal,Kolkata,InoxCityCentreIiRajarhat,Hindi,22:00,Royale,400₹,17,10
WestBengal,Kolkata,InoxCityCentreIiRajarhat,Hindi,22:00,Club,220₹,240,11
WestBengal,Kolkata,InoxCityCentreIiRajarhat,Hindi,22:00,Executive,200₹,51,0
Maharashtra,Mumbai,InoxMetroMallJunctionKalyanE,Hindi,22:00,Gold,280₹,14,14
Maharashtra,Mumbai,InoxMetroMallJunctionKalyanE,Hindi,22:00,Silver,210₹,95,20
Maharashtra,Mumbai,InoxMetroMallJunctionKalyanE,Hindi,22:00,Execuitve,200₹,30,2
Maharashtra,Mumbai,InoxMetroMallJunctionKalyanE,Hindi,22:00,Premier,200₹,132,3
Rajasthan,Bhiwadi,LegendSrsCinemasBhiwadi,Hindi,22:00,Platinum,150₹,124,0
Rajasthan,Bhiwadi,LegendSrsCinemasBhiwadi,Hindi,22:00,Gold,130₹,30,0
Gujarat,Ahmedabad,CityGoldBopal,Hindi,22:00,Executive,150₹,115,29
Maharashtra,Mumbai,MovietimeStarCityMatungaW,Hindi,22:00,Premium,100₹,366,28
MadhyaPradesh,Jabalpur,SamdareeyaEraCinemaJabalpur,Hindi,22:00,Platinum,99₹,82,2
MadhyaPradesh,Jabalpur,SamdareeyaEraCinemaJabalpur,Hindi,22:00,Gold,99₹,180,0
MadhyaPradesh,Jabalpur,SamdareeyaEraCinemaJabalpur,Hindi,22:00,Silver,99₹,76,0
MadhyaPradesh,Satna,PvrUtsavSatna,Hindi,22:00,Classic,120₹,24,0
MadhyaPradesh,Satna,PvrUtsavSatna,Hindi,22:00,ClassicPlus,150₹,150,12
Maharashtra,Mumbai,InoxMegaplexInorbitMallMalad,Hindi,22:00,Insignia,800₹,38,18
Maharashtra,Mumbai,AshokAnilMultiplexMirajCinemasUlhasnagar,Hindi,22:00,Gold,150₹,125,0
Maharashtra,Sawantwadi,AryaNovaCinemazSawantwadi,Hindi,22:00,Vip,200₹,11,0
Maharashtra,Sawantwadi,AryaNovaCinemazSawantwadi,Hindi,22:00,Gold,170₹,72,0
Maharashtra,Sawantwadi,AryaNovaCinemazSawantwadi,Hindi,22:00,Silver,150₹,60,0
Rajasthan,Bhilwara,InoxRelianceMallBhilwara,Hindi,22:00,RoyaleRecliners,400₹,14,0
Rajasthan,Bhilwara,InoxRelianceMallBhilwara,Hindi,22:00,Royale,220₹,34,5
Rajasthan,Bhilwara,InoxRelianceMallBhilwara,Hindi,22:00,Club,180₹,112,5
Rajasthan,Bhilwara,InoxRelianceMallBhilwara,Hindi,22:00,Executive,112₹,26,13
UttarPradesh,NationalCapitalRegionNcr,RajhansCinemasGalaxyDiamondPlazaGreaterNoida,Hindi,22:00,Recliner,350₹,14,0
UttarPradesh,NationalCapitalRegionNcr,RajhansCinemasGalaxyDiamondPlazaGreaterNoida,Hindi,22:00,Executive,220₹,82,0
UttarPradesh,NationalCapitalRegionNcr,RajhansCinemasGalaxyDiamondPlazaGreaterNoida,Hindi,22:00,Royal,210₹,33,0
UttarPradesh,NationalCapitalRegionNcr,RajhansCinemasGalaxyDiamondPlazaGreaterNoida,Hindi,22:00,Marvel,200₹,22,0
Gujarat,Bhavnagar,TheEntertainmentParkBhavnagar,Hindi,22:00,Royal,250₹,14,2
Gujarat,Bhavnagar,TheEntertainmentParkBhavnagar,Hindi,22:00,Platinum,200₹,34,0
Gujarat,Bhavnagar,TheEntertainmentParkBhavnagar,Hindi,22:00,Gold,150₹,156,9
Gujarat,Bhavnagar,TheEntertainmentParkBhavnagar,Hindi,22:00,Silver,120₹,34,0
Maharashtra,Ahmednagar,ConnplexSmartTheatreAhmednagar,Hindi,22:00,Recliner,350₹,48,9
UttarPradesh,NationalCapitalRegionNcr,UsCinemasEminenceCutGalaxyBlueSapphire,Hindi,22:00,Royal,300₹,16,3
UttarPradesh,NationalCapitalRegionNcr,UsCinemasEminenceCutGalaxyBlueSapphire,Hindi,22:00,RoyalPlus,400₹,42,6
Rajasthan,Jaipur,InoxSunnyTradeCenterJaipur,Hindi,22:00,RoyaleRecliners,350₹,16,8
Rajasthan,Jaipur,InoxSunnyTradeCenterJaipur,Hindi,22:00,Royal,230₹,66,25
Rajasthan,Jaipur,InoxSunnyTradeCenterJaipur,Hindi,22:00,Club,210₹,146,7
Rajasthan,Jaipur,InoxSunnyTradeCenterJaipur,Hindi,22:00,Executive,190₹,40,0
Gujarat,Himmatnagar,NewStarCityMultiplexHimmatnagar,Hindi,22:00,Platinum,200₹,26,0
Gujarat,Himmatnagar,NewStarCityMultiplexHimmatnagar,Hindi,22:00,Gold,150₹,182,1
Gujarat,Himmatnagar,NewStarCityMultiplexHimmatnagar,Hindi,22:00,Silver,100₹,60,0
Maharashtra,Pune,InoxBundGardenRoad,Hindi,22:00,Royale,500₹,32,3
Gujarat,Surat,CineverseMultiplexVesu,Hindi,22:00,Sofa,190₹,55,0
Gujarat,Surat,CineverseMultiplexVesu,Hindi,22:00,Lounger,190₹,8,0
UttarPradesh,NationalCapitalRegionNcr,LegendSrsCinemasFaridabad,Hindi,22:00,SilverClass,100₹,36,0
UttarPradesh,NationalCapitalRegionNcr,LegendSrsCinemasFaridabad,Hindi,22:00,GoldClass,120₹,54,0
UttarPradesh,NationalCapitalRegionNcr,LegendSrsCinemasFaridabad,Hindi,22:00,OnlineClass,120₹,36,0
UttarPradesh,NationalCapitalRegionNcr,LegendSrsCinemasFaridabad,Hindi,22:00,PlatinumClass,120₹,74,0
UttarPradesh,NationalCapitalRegionNcr,LegendSrsCinemasFaridabad,Hindi,22:00,ExecutiveClass,120₹,8,0
Gujarat,Ahmedabad,NyCinemasAhmedabad,Hindi,22:00,Recliner,350₹,15,6
Gujarat,Ahmedabad,NyCinemasAhmedabad,Hindi,22:00,Comforts,250₹,26,0
Gujarat,Ahmedabad,NyCinemasAhmedabad,Hindi,22:00,Prime,200₹,126,2
Gujarat,Ahmedabad,NyCinemasAhmedabad,Hindi,22:00,Classic,180₹,34,0
Chhattisgarh,Korba,CinemoodMultiplexDolbyAtmosSoundKorba,Hindi,22:00,Platinum,200₹,18,0
Chhattisgarh,Korba,CinemoodMultiplexDolbyAtmosSoundKorba,Hindi,22:00,Diamond,150₹,68,10
Chhattisgarh,Korba,CinemoodMultiplexDolbyAtmosSoundKorba,Hindi,22:00,Gold,150₹,51,0
Chhattisgarh,Korba,CinemoodMultiplexDolbyAtmosSoundKorba,Hindi,22:00,Silver,100₹,34,0
Bihar,Patna,ConnplexSmartTheatreRajaBazarPatna,Hindi,22:00,Miller,200₹,47,0
Bihar,Patna,ConnplexSmartTheatreRajaBazarPatna,Hindi,22:00,Lounger,200₹,9,6
MadhyaPradesh,Indore,InoxC21Mall,Hindi,22:00,Royal,330₹,14,6
MadhyaPradesh,Indore,InoxC21Mall,Hindi,22:00,Club,310₹,150,7
MadhyaPradesh,Indore,InoxC21Mall,Hindi,22:00,Executive,300₹,24,1
Maharashtra,Gondia,EosCinemasGondia,Hindi,22:00,Gold,100₹,52,0
Maharashtra,Gondia,EosCinemasGondia,Hindi,22:00,Platinum,100₹,62,0
Gujarat,Vapi,AnantCinemaVapi,Hindi,22:00,Sofa,200₹,66,11
Gujarat,Vapi,AnantCinemaVapi,Hindi,22:00,Lounger,200₹,10,0
UttarPradesh,Agra,VimalCineplexAgra,Hindi,22:00,Gold,150₹,36,0
UttarPradesh,Agra,VimalCineplexAgra,Hindi,22:00,Ebony,400₹,23,0
UttarPradesh,Agra,VimalCineplexAgra,Hindi,22:00,Silver,100₹,6,0
Maharashtra,Gondia,GoldCinemaCityMallGondia,Hindi,22:00,Gold,100₹,150,17
Gujarat,Surat,InoxVrMallSurat,Hindi,22:05,RoyalRecliner,420₹,18,12
Gujarat,Surat,InoxVrMallSurat,Hindi,22:05,Royal,230₹,60,10
Gujarat,Surat,InoxVrMallSurat,Hindi,22:05,Club,210₹,122,19
Gujarat,Surat,InoxVrMallSurat,Hindi,22:05,Executive,190₹,34,0
UttarPradesh,NationalCapitalRegionNcr,CinepolisV3SMallLaxmiNagar,Hindi,22:05,Normal,240₹,84,1
UttarPradesh,NationalCapitalRegionNcr,CinepolisV3SMallLaxmiNagar,Hindi,22:05,Executive,250₹,114,39
Maharashtra,Mumbai,InoxInsigniaAtAtriaMallWorli,Hindi,22:10,Insignia,"1,100₹",30,8
Telangana,Hyderabad,InoxMaheshwari,Hindi,22:10,Executive,150₹,139,81
Chhattisgarh,Raipur,InoxCityMall36GERoad,Hindi,22:15,Platinum,160₹,28,10
Chhattisgarh,Raipur,InoxCityMall36GERoad,Hindi,22:15,Gold,140₹,275,14
Chhattisgarh,Raipur,InoxCityMall36GERoad,Hindi,22:15,Club,110₹,50,4
Maharashtra,Mumbai,InoxPalmBeachGalleriaMallNaviMumbai,Hindi,22:15,RoyalRecliners,320₹,14,7
Maharashtra,Mumbai,InoxPalmBeachGalleriaMallNaviMumbai,Hindi,22:15,Club,200₹,124,4
Maharashtra,Mumbai,InoxPalmBeachGalleriaMallNaviMumbai,Hindi,22:15,Royal,200₹,51,14
Maharashtra,Mumbai,InoxPalmBeachGalleriaMallNaviMumbai,Hindi,22:15,Executive,180₹,30,0
Maharashtra,Mumbai,CinepolisSeawoodsGrandCentralNaviMumbai,Hindi,22:15,Normal,200₹,32,0
Maharashtra,Mumbai,CinepolisSeawoodsGrandCentralNaviMumbai,Hindi,22:15,Executive,220₹,91,4
Maharashtra,Mumbai,CinepolisSeawoodsGrandCentralNaviMumbai,Hindi,22:15,Premium,240₹,80,15
Maharashtra,Mumbai,CinepolisSeawoodsGrandCentralNaviMumbai,Hindi,22:15,Vip,440₹,14,8
UttarPradesh,Lucknow,InoxMegaplexEmeraldLucknow,Hindi,22:15,Royale,180₹,83,12
UttarPradesh,Lucknow,InoxMegaplexEmeraldLucknow,Hindi,22:15,Club,170₹,70,4
UttarPradesh,Lucknow,InoxMegaplexEmeraldLucknow,Hindi,22:15,Executive,160₹,28,0
HimachalPradesh,Baddi,ConnplexSmartTheatreBaddi,Hindi,22:15,Lounger,200₹,9,0
HimachalPradesh,Baddi,ConnplexSmartTheatreBaddi,Hindi,22:15,Miller,150₹,49,0
Maharashtra,Mumbai,MaisonPvrLivingRoomLuxeJioWorldDriveBkc,Hindi,22:15,Luxe,600₹,24,14
Maharashtra,Mumbai,MaisonPvrLivingRoomLuxeJioWorldDriveBkc,Hindi,22:15,LuxeSuperior,600₹,10,10
MadhyaPradesh,Indore,InoxPhoenixCitadelMallIndore,Hindi,22:15,Royal,280₹,49,13
MadhyaPradesh,Indore,InoxPhoenixCitadelMallIndore,Hindi,22:15,Club,260₹,123,6
MadhyaPradesh,Indore,InoxPhoenixCitadelMallIndore,Hindi,22:15,Executive,240₹,22,0
Bihar,Patna,ConnplexSmartTheatreSpVermaRoadPatna,Hindi,22:15,Loungers,200₹,11,2
Bihar,Patna,ConnplexSmartTheatreSpVermaRoadPatna,Hindi,22:15,Miller,200₹,63,0
UttarPradesh,NationalCapitalRegionNcr,PvrSelectCityWalkDelhi,Hindi,22:15,ClassicNormal,200₹,120,8
UttarPradesh,NationalCapitalRegionNcr,PvrSelectCityWalkDelhi,Hindi,22:15,ClassicSuperior,200₹,34,29
UttarPradesh,NationalCapitalRegionNcr,PvrSelectCityWalkDelhi,Hindi,22:15,ReclinersNormal,400₹,10,10
Gujarat,Surat,RajhansCinemasMtcMallVelanjaSurat,Hindi,22:15,Platinum,99₹,25,11
Gujarat,Surat,RajhansCinemasMtcMallVelanjaSurat,Hindi,22:15,Executive,99₹,108,16
Gujarat,Surat,RajhansCinemasMtcMallVelanjaSurat,Hindi,22:15,Royal,99₹,48,0
Gujarat,Surat,RajhansCinemasMtcMallVelanjaSurat,Hindi,22:15,Marvel,99₹,32,0
UttarPradesh,Lucknow,InoxCrownMallLucknow,Hindi,22:15,RoyaleRecliners,400₹,13,0
UttarPradesh,Lucknow,InoxCrownMallLucknow,Hindi,22:15,Club,190₹,95,0
UttarPradesh,Lucknow,InoxCrownMallLucknow,Hindi,22:15,Royale,190₹,45,13
UttarPradesh,Lucknow,InoxCrownMallLucknow,Hindi,22:15,Executive,150₹,26,0
Maharashtra,Mumbai,SterlingCineplexFort,Hindi,22:15,Gold,200₹,137,57
Maharashtra,Mumbai,SterlingCineplexFort,Hindi,22:15,Silver,200₹,112,1
Maharashtra,Mumbai,SterlingCineplexFort,Hindi,22:15,Executive,200₹,32,0
Maharashtra,Pune,CityPrideKothrud,Hindi,22:15,RoyalSofa,230₹,13,9
Maharashtra,Pune,CityPrideKothrud,Hindi,22:15,RoyalGold,180₹,76,10
Maharashtra,Pune,CityPrideKothrud,Hindi,22:15,RoyalSilver,160₹,22,0
Punjab,Amritsar,MovietimeNoveltyMallLawrenceRoadAmritsar,Hindi,22:15,Silver,99₹,64,0
Punjab,Amritsar,MovietimeNoveltyMallLawrenceRoadAmritsar,Hindi,22:15,Gold,99₹,68,4
Punjab,Amritsar,MovietimeNoveltyMallLawrenceRoadAmritsar,Hindi,22:15,Platinum,99₹,12,0
Maharashtra,Kolhapur,PvrDypCityKolhapur,Hindi,22:15,Classic,170₹,51,0
Maharashtra,Kolhapur,PvrDypCityKolhapur,Hindi,22:15,Prime,200₹,179,24
Maharashtra,Kolhapur,PvrDypCityKolhapur,Hindi,22:15,Recliner,450₹,13,0
Gujarat,Surat,RajhansCinemasVesuSurat,Hindi,22:15,Recliner,350₹,14,9
Gujarat,Surat,RajhansCinemasVesuSurat,Hindi,22:15,Executive,200₹,85,17
Gujarat,Surat,RajhansCinemasVesuSurat,Hindi,22:15,Royal,180₹,42,0
Gujarat,Surat,RajhansCinemasVesuSurat,Hindi,22:15,Marvel,160₹,28,2
Gujarat,Gandhinagar,InoxGandhinagarR21,Hindi,22:15,Platinum,180₹,14,2
Gujarat,Gandhinagar,InoxGandhinagarR21,Hindi,22:15,Gold,160₹,101,4
Gujarat,Gandhinagar,InoxGandhinagarR21,Hindi,22:15,Silver,112₹,31,0
Maharashtra,Mumbai,MovieMaxSion,Hindi,22:20,Classic,130₹,46,5
Maharashtra,Mumbai,MovieMaxSion,Hindi,22:20,Prime,160₹,169,3
Maharashtra,Mumbai,MovieMaxSion,Hindi,22:20,PrimePlus,190₹,12,2
MadhyaPradesh,Bhopal,CinepolisAashimaMallBhopal,Hindi,22:20,Normal,170₹,30,0
MadhyaPradesh,Bhopal,CinepolisAashimaMallBhopal,Hindi,22:20,Executive,170₹,102,0
MadhyaPradesh,Bhopal,CinepolisAashimaMallBhopal,Hindi,22:20,Premium,170₹,83,0
UttarPradesh,NationalCapitalRegionNcr,UsCinemasErosMallIndirapuram,Hindi,22:20,Royale,300₹,16,0
UttarPradesh,NationalCapitalRegionNcr,UsCinemasErosMallIndirapuram,Hindi,22:20,RoyPlus,400₹,48,6
Maharashtra,Mumbai,CinepolisVipVivianaMallThane,Hindi,22:30,VipExecutive,450₹,20,0
Maharashtra,Mumbai,CinepolisVipVivianaMallThane,Hindi,22:30,VipPremium,500₹,54,15
Gujarat,Ahmedabad,AbMiniplexShivranjiniCrossRoadSatellite,Hindi,22:30,Sofa,100₹,22,14
Gujarat,Ahmedabad,AbMiniplexShivranjiniCrossRoadSatellite,Hindi,22:30,PremiumSofa,100₹,24,23
Gujarat,Ahmedabad,CityGoldAshramRoad,Hindi,22:30,Executive,200₹,286,71
Maharashtra,Mumbai,MovietimeTheHubGoregaon,Hindi,22:30,Gold,180₹,196,39
Maharashtra,Pune,CinepolisSeasonsMallPune,Hindi,22:30,Normal,210₹,23,0
Maharashtra,Pune,CinepolisSeasonsMallPune,Hindi,22:30,Executive,210₹,68,6
Maharashtra,Pune,CinepolisSeasonsMallPune,Hindi,22:30,Premium,230₹,40,17
Maharashtra,Pune,InoxAmanoraTownCentreHadapsar,Hindi,22:30,Royale,340₹,14,8
Maharashtra,Pune,InoxAmanoraTownCentreHadapsar,Hindi,22:30,Club,210₹,240,17
Maharashtra,Pune,InoxAmanoraTownCentreHadapsar,Hindi,22:30,Executive,210₹,32,0
UttarPradesh,NationalCapitalRegionNcr,UsCinemaEuropaGalaxyBlueSapphire,Hindi,22:30,Lux,160₹,80,0
UttarPradesh,NationalCapitalRegionNcr,UsCinemaEuropaGalaxyBlueSapphire,Hindi,22:30,LuxPlus,190₹,143,16
Gujarat,Ahmedabad,SbMultiplexAgoraMallEliteClass,Hindi,22:30,Elite,240₹,96,4
Gujarat,Ahmedabad,SbMultiplexAgoraMallEliteClass,Hindi,22:30,Classic,140₹,28,8
Gujarat,Mundra,AradhayaNovaCinemazMundra,Hindi,22:30,Vip,250₹,14,1
Gujarat,Mundra,AradhayaNovaCinemazMundra,Hindi,22:30,Platinum,170₹,60,0
Gujarat,Mundra,AradhayaNovaCinemazMundra,Hindi,22:30,Gold,170₹,76,0
Gujarat,Mundra,AradhayaNovaCinemazMundra,Hindi,22:30,Silver,170₹,76,0
Maharashtra,Mumbai,MaxusCinemasSakiNaka,Hindi,22:30,Sofa,150₹,17,0
Maharashtra,Mumbai,MaxusCinemasSakiNaka,Hindi,22:30,Premium,100₹,273,12
Gujarat,Bhuj,NyCinemasSevenSkyBhuj,Hindi,22:30,Ebony,220₹,12,0
Gujarat,Bhuj,NyCinemasSevenSkyBhuj,Hindi,22:30,Executive,150₹,54,0
Gujarat,Bhuj,NyCinemasSevenSkyBhuj,Hindi,22:30,Normal,150₹,36,0
Gujarat,Bhuj,NyCinemasSevenSkyBhuj,Hindi,22:30,Premium,150₹,68,0
Gujarat,Surat,CineverseCinemaKatargamSurat,Hindi,22:30,Sofa,190₹,101,10
Gujarat,Surat,CineverseCinemaKatargamSurat,Hindi,22:30,Lounger,190₹,13,0
Gujarat,Ahmedabad,19CinemaSouthBopalAhmedabad,Hindi,22:30,Sofa,100₹,28,0
Gujarat,Ahmedabad,19CinemaSouthBopalAhmedabad,Hindi,22:30,PlatinumSofa,150₹,14,0
Gujarat,Morbi,NexusCinemaMorbi,Hindi,22:30,Recliner,500₹,17,2
Gujarat,Morbi,NexusCinemaMorbi,Hindi,22:30,Platinum,400₹,17,4
Gujarat,Morbi,NexusCinemaMorbi,Hindi,22:30,Gold,300₹,176,9
Gujarat,Morbi,NexusCinemaMorbi,Hindi,22:30,Silver,200₹,66,0
UttarPradesh,PrayagrajAllahabad,PvrVinayakPrayagraj,Hindi,22:35,Classic,240₹,136,1
UttarPradesh,PrayagrajAllahabad,PvrVinayakPrayagraj,Hindi,22:35,Prime,250₹,80,20
UttarPradesh,PrayagrajAllahabad,PvrVinayakPrayagraj,Hindi,22:35,Recliner,400₹,10,10
Rajasthan,Jaipur,InoxElementsMallAjmerRoad,Hindi,22:35,Royale,200₹,35,23
Rajasthan,Jaipur,InoxElementsMallAjmerRoad,Hindi,22:35,Club,180₹,93,2
Rajasthan,Jaipur,InoxElementsMallAjmerRoad,Hindi,22:35,Executive,160₹,18,2
Maharashtra,Mumbai,CinepolisFunRepublicMallAndheriW,Hindi,22:40,Normal,210₹,40,0
Maharashtra,Mumbai,CinepolisFunRepublicMallAndheriW,Hindi,22:40,Executive,230₹,125,20
Maharashtra,Mumbai,CinepolisFunRepublicMallAndheriW,Hindi,22:40,Premium,250₹,73,45
Maharashtra,Mumbai,CinepolisFunRepublicMallAndheriW,Hindi,22:40,Vip,420₹,20,10
Maharashtra,Pune,PvrIconThePavillionPune,Hindi,22:40,Classic,220₹,28,0
Maharashtra,Pune,PvrIconThePavillionPune,Hindi,22:40,Prime,250₹,148,21
Maharashtra,Pune,PvrIconThePavillionPune,Hindi,22:40,Recliner,650₹,8,4
UttarPradesh,NationalCapitalRegionNcr,CinepolisSavitriComplexGk2,Hindi,22:40,Executive,110₹,113,0
UttarPradesh,NationalCapitalRegionNcr,CinepolisSavitriComplexGk2,Hindi,22:40,Premium,110₹,148,7
UttarPradesh,NationalCapitalRegionNcr,CinepolisSavitriComplexGk2,Hindi,22:40,Kids,110₹,39,39
Maharashtra,Mumbai,InoxRCityGhatkopar,Hindi,22:40,RoyalRecliner,590₹,14,4
Maharashtra,Mumbai,InoxRCityGhatkopar,Hindi,22:40,Royal,330₹,48,25
Maharashtra,Mumbai,InoxRCityGhatkopar,Hindi,22:40,Club,320₹,65,0
Maharashtra,Mumbai,InoxRCityGhatkopar,Hindi,22:40,Executive,300₹,35,2
Maharashtra,Mumbai,PvrHaseenBhiwandi,Hindi,22:40,Classic,130₹,15,0
Maharashtra,Mumbai,PvrHaseenBhiwandi,Hindi,22:40,Prime,150₹,63,7
UttarPradesh,NationalCapitalRegionNcr,PvrLogixNoida,Hindi,22:40,Classic,340₹,99,20
UttarPradesh,NationalCapitalRegionNcr,UsCinemasAdityaMallIndirapuram,Hindi,22:40,Luxury,150₹,130,2
UttarPradesh,NationalCapitalRegionNcr,UsCinemasAdityaMallIndirapuram,Hindi,22:40,LuxuryPlus,180₹,132,9
Gujarat,Jamnagar,PvrUtsavJcrEntertainmentWorldJamnagar,Hindi,22:45,Classic,125₹,40,0
Gujarat,Jamnagar,PvrUtsavJcrEntertainmentWorldJamnagar,Hindi,22:45,ClassicPlus,125₹,44,0
Gujarat,Jamnagar,PvrUtsavJcrEntertainmentWorldJamnagar,Hindi,22:45,Prime,150₹,110,0
Gujarat,Jamnagar,PvrUtsavJcrEntertainmentWorldJamnagar,Hindi,22:45,PrimePlus,175₹,44,0
Gujarat,Jamnagar,PvrUtsavJcrEntertainmentWorldJamnagar,Hindi,22:45,Recliner,325₹,33,2
Haryana,Chandigarh,PvrElanteChandigarh,Hindi,22:45,Classic,230₹,160,39
Haryana,Chandigarh,PvrElanteChandigarh,Hindi,22:45,Recliner,650₹,26,8
UttarPradesh,NationalCapitalRegionNcr,CinepolisSmartBharatMallFormerlySpiceMall,Hindi,22:45,Premium,200₹,40,4
UttarPradesh,NationalCapitalRegionNcr,CinepolisSmartBharatMallFormerlySpiceMall,Hindi,22:45,Classic,200₹,65,0
Gujarat,Rajkot,CosmoplexMultiplexRajkot,Hindi,22:50,Club,280₹,65,29
UttarPradesh,NationalCapitalRegionNcr,CinepolisGrandVeniceMallGreaterNoida,Hindi,22:50,Normal,170₹,26,0
UttarPradesh,NationalCapitalRegionNcr,CinepolisGrandVeniceMallGreaterNoida,Hindi,22:50,Executive,180₹,77,4
UttarPradesh,NationalCapitalRegionNcr,CinepolisGrandVeniceMallGreaterNoida,Hindi,22:50,Premium,190₹,42,15
Telangana,Hyderabad,CinepolisMantraMallAttapur,Hindi,22:50,Normal,150₹,203,38
Telangana,Hyderabad,CinepolisMantraMallAttapur,Hindi,22:50,Vip,250₹,12,12
UttarPradesh,NationalCapitalRegionNcr,PvrMgfGurgaon,Hindi,22:55,Classic,149₹,104,3
UttarPradesh,NationalCapitalRegionNcr,PvrMgfGurgaon,Hindi,22:55,Prime,149₹,61,49
Maharashtra,Mumbai,PvrIconOberoiMallGoregaonE,Hindi,23:00,Classic,250₹,47,1
Maharashtra,Mumbai,PvrIconOberoiMallGoregaonE,Hindi,23:00,Prime,280₹,156,16
Maharashtra,Mumbai,PvrIconOberoiMallGoregaonE,Hindi,23:00,Recliner,500₹,34,10
Maharashtra,Mumbai,PvrCitiMallAndheriW,Hindi,23:00,Classic,200₹,46,0
Maharashtra,Mumbai,PvrCitiMallAndheriW,Hindi,23:00,Prime,250₹,146,42
Maharashtra,Mumbai,PvrCitiMallAndheriW,Hindi,23:00,Recliner,400₹,24,6
Gujarat,Anand,ShaanCinema9ScreenMultiplexAnand,Hindi,23:00,VipRecliner,400₹,47,5
Gujarat,Anand,ShaanCinema9ScreenMultiplexAnand,Hindi,23:00,Class1Recliner,300₹,20,0
Maharashtra,Mumbai,CinepolisVivianaMallThane,Hindi,23:05,Normal,170₹,25,0
Maharashtra,Mumbai,CinepolisVivianaMallThane,Hindi,23:05,Executive,190₹,97,14
Maharashtra,Mumbai,CinepolisVivianaMallThane,Hindi,23:05,Premium,210₹,43,7
Gujarat,Ahmedabad,2NewfangledMiniplexMoteraAhmedabad,Hindi,23:15,CoupleSeat,500₹,38,14
Gujarat,Ahmedabad,1NewfangledMiniplexMondealRetailPark,Hindi,23:15,VipClub,600₹,12,9
Gujarat,Ahmedabad,1NewfangledMiniplexMondealRetailPark,Hindi,23:15,Premium,600₹,11,0