State,City,Name,Language,Time(IST),Type,Price,Capacity,Booked
WestBengal,Kolkata,PvrDiamondPlazaJessoreKolkata,Bengali,10:10,Classic,180₹,273,24
WestBengal,Kolkata,PvrDiamondPlazaJessoreKolkata,Bengali,10:10,Prime,250₹,11,2
WestBengal,Kolkata,PvrDiamondPlazaJessoreKolkata,Bengali,10:10,Recliner,440₹,10,2
WestBengal,Kolkata,InoxCityCenterSaltLake,Bengali,10:25,Royale,160₹,50,45
WestBengal,Kolkata,InoxCityCenterSaltLake,Bengali,10:25,DressCircle,150₹,194,22
WestBengal,Kolkata,InoxCityCenterSaltLake,Bengali,10:25,Galleria,150₹,76,0
WestBengal,Kolkata,EloraMultiplexChampahati,Bengali,10:45,Gold,100₹,60,8
WestBengal,Kolkata,EloraMultiplexChampahati,Bengali,10:45,Silver,70₹,152,2
WestBengal,Kolkata,SvfCinemasWoodSquareMallNarendrapur,Bengali,11:00,Gold,150₹,8,0
WestBengal,Kolkata,SvfCinemasWoodSquareMallNarendrapur,Bengali,11:00,Platinum,150₹,116,30
WestBengal,Kolkata,SvfCinemasWoodSquareMallNarendrapur,Bengali,11:00,Royal,270₹,9,7
WestBengal,Burdwan,InoxBurdwanArcadeBBGhoshRoad,Bengali,11:00,Royal,150₹,85,65
WestBengal,Burdwan,InoxBurdwanArcadeBBGhoshRoad,Bengali,11:00,Club,140₹,132,20
WestBengal,Burdwan,InoxBurdwanArcadeBBGhoshRoad,Bengali,11:00,Executive,140₹,39,0
WestBengal,Hooghly,UdayanCinemaSheoraphuli,Bengali,11:00,Silver,80₹,43,0
WestBengal,Hooghly,UdayanCinemaSheoraphuli,Bengali,11:00,Gold,80₹,235,36
WestBengal,Hooghly,UdayanCinemaSheoraphuli,Bengali,11:00,Royal,110₹,55,17
WestBengal,Hooghly,UdayanCinemaSheoraphuli,Bengali,11:00,Recliner,250₹,16,2
WestBengal,Kolkata,NavinaCinemaTollygunge,Bengali,11:00,PremiumStall,100₹,486,91
WestBengal,Kolkata,NavinaCinemaTollygunge,Bengali,11:00,DressCircle,160₹,107,17
WestBengal,Kolkata,NavinaCinemaTollygunge,Bengali,11:00,Balcony,150₹,228,42
WestBengal,Kolkata,PvrDiamondPlazaJessoreKolkata,Bengali,11:05,Classic,210₹,210,103
WestBengal,Kolkata,PvrDiamondPlazaJessoreKolkata,Bengali,11:05,Prime,280₹,11,11
WestBengal,Kolkata,PvrDiamondPlazaJessoreKolkata,Bengali,11:05,Recliner,470₹,12,8
WestBengal,Kolkata,LaliCinemaBarasat,Bengali,11:30,DressCircle,110₹,22,0
WestBengal,Kolkata,LaliCinemaBarasat,Bengali,11:30,Balcony,70₹,169,0
WestBengal,Kolkata,LaliCinemaBarasat,Bengali,11:30,DiamondAc,150₹,76,0
WestBengal,Kolkata,LaliCinemaBarasat,Bengali,11:30,RearStall,50₹,162,0
WestBengal,Asansol,CarnivalSentrumMall,Bengali,11:35,Gold,130₹,43,11
WestBengal,Asansol,CarnivalSentrumMall,Bengali,11:35,Silver,130₹,150,16
WestBengal,Asansol,CarnivalSentrumMall,Bengali,11:35,Premium,130₹,63,46
WestBengal,Kolkata,JayaCinemasCityMallBarasat,Bengali,12:00,DressCircle,140₹,364,37
WestBengal,Kolkata,JayaCinemasCityMallBarasat,Bengali,12:00,RearStall,110₹,56,0
WestBengal,Kalna,SvfCinemasKalna,Bengali,12:00,Gold,100₹,9,0
WestBengal,Kalna,SvfCinemasKalna,Bengali,12:00,Platinum,150₹,72,19
WestBengal,Jalpaiguri,SvfCinemasPrmMarketCityJalpaiguri,Bengali,12:00,Gold,100₹,26,0
WestBengal,Jalpaiguri,SvfCinemasPrmMarketCityJalpaiguri,Bengali,12:00,Platinum,150₹,120,5
WestBengal,CoochBehar,SvfCinemasCoochBehar,Bengali,12:00,Gold,70₹,20,0
WestBengal,CoochBehar,SvfCinemasCoochBehar,Bengali,12:00,Platinum,100₹,126,17
WestBengal,Krishnanagar,SvfCinemasKrishnanagar,Bengali,12:00,Gold,100₹,24,3
WestBengal,Krishnanagar,SvfCinemasKrishnanagar,Bengali,12:00,Platinum,150₹,200,39
WestBengal,Kolkata,NazrultirthaCinemaKolkata,Bengali,12:30,Silver,150₹,26,6
WestBengal,Kolkata,NazrultirthaCinemaKolkata,Bengali,12:30,Gold,170₹,75,40
WestBengal,Haldia,SvfCinemasHaldia,Bengali,13:00,Gold,100₹,32,12
WestBengal,Haldia,SvfCinemasHaldia,Bengali,13:00,Platinum,150₹,254,26
WestBengal,CoochBehar,JayaCinemasCityMallCoochBehar,Bengali,13:00,Royal,150₹,19,4
WestBengal,CoochBehar,JayaCinemasCityMallCoochBehar,Bengali,13:00,Club,100₹,184,14
WestBengal,CoochBehar,JayaCinemasCityMallCoochBehar,Bengali,13:00,Executive,70₹,56,0
WestBengal,Kolkata,MirajCinemasNewtownKolkata,Bengali,13:00,Executive,190₹,85,6
WestBengal,Kolkata,MirajCinemasNewtownKolkata,Bengali,13:00,Recliner,320₹,47,4
WestBengal,Kolkata,MirajCinemasNewtownKolkata,Bengali,13:00,Special,170₹,59,2
WestBengal,Kolkata,PvrDiamondPlazaJessoreKolkata,Bengali,13:05,Classic,280₹,273,160
WestBengal,Kolkata,PvrDiamondPlazaJessoreKolkata,Bengali,13:05,Prime,330₹,11,10
WestBengal,Kolkata,PvrDiamondPlazaJessoreKolkata,Bengali,13:05,Recliner,500₹,10,9
WestBengal,Kolkata,CinepolisLakeMallKolkata,Bengali,13:05,Normal,220₹,40,4
WestBengal,Kolkata,CinepolisLakeMallKolkata,Bengali,13:05,Executive,240₹,168,135
WestBengal,Kolkata,CinepolisLakeMallKolkata,Bengali,13:05,Premium,260₹,46,40
WestBengal,Kolkata,CinepolisLakeMallKolkata,Bengali,13:05,Vip,500₹,10,10
WestBengal,Kolkata,InoxCityCenterSaltLake,Bengali,13:20,Royale,290₹,50,38
WestBengal,Kolkata,InoxCityCenterSaltLake,Bengali,13:20,DressCircle,240₹,194,96
WestBengal,Kolkata,InoxCityCenterSaltLake,Bengali,13:20,Galleria,200₹,76,0
WestBengal,Ranaghat,SurendraCinemaRanaghat,Bengali,13:30,Balocny,50₹,315,0
WestBengal,Kolkata,AtindraCinemaBarrackpore,Bengali,13:30,Premium,150₹,138,120
WestBengal,Kolkata,AtindraCinemaBarrackpore,Bengali,13:30,SuperPremium,250₹,20,20
WestBengal,Malda,RupkathaCinemaDolbyDigitalMalda,Bengali,13:30,Balcony,80₹,38,5
WestBengal,Malda,RupkathaCinemaDolbyDigitalMalda,Bengali,13:30,GroundFloorAcClass,150₹,69,2
WestBengal,Hooghly,UdayanCinemaSheoraphuli,Bengali,13:35,Silver,110₹,43,4
WestBengal,Hooghly,UdayanCinemaSheoraphuli,Bengali,13:35,Gold,150₹,235,77
WestBengal,Hooghly,UdayanCinemaSheoraphuli,Bengali,13:35,Royal,150₹,55,53
WestBengal,Hooghly,UdayanCinemaSheoraphuli,Bengali,13:35,Recliner,250₹,16,10
WestBengal,Burdwan,InoxBurdwanArcadeBBGhoshRoad,Bengali,13:55,Royal,210₹,85,73
WestBengal,Burdwan,InoxBurdwanArcadeBBGhoshRoad,Bengali,13:55,Club,180₹,132,71
WestBengal,Burdwan,InoxBurdwanArcadeBBGhoshRoad,Bengali,13:55,Executive,160₹,39,1
WestBengal,Siliguri,CarnivalCinemasSiliguri,Bengali,13:55,Special,160₹,28,0
WestBengal,Siliguri,CarnivalCinemasSiliguri,Bengali,13:55,Executive,160₹,188,13
WestBengal,Kolkata,AjantaCinemaBehala,Bengali,14:05,Balcony,150₹,213,181
WestBengal,Kolkata,AjantaCinemaBehala,Bengali,14:05,Recliners,250₹,13,4
WestBengal,Kolkata,PvrUniworldDowntownMallNewTownKolkata,Bengali,14:05,Classic,150₹,51,2
WestBengal,Kolkata,PvrUniworldDowntownMallNewTownKolkata,Bengali,14:05,Prime,180₹,153,26
WestBengal,Kolkata,PvrUniworldDowntownMallNewTownKolkata,Bengali,14:05,Recliner,390₹,6,6
WestBengal,Kolkata,PadmaCinemaKolkata,Bengali,14:15,Balcony,70₹,116,6
WestBengal,Kolkata,PadmaCinemaKolkata,Bengali,14:15,DressCircleAc,100₹,120,2
WestBengal,Kolkata,PadmaCinemaKolkata,Bengali,14:15,RearStall,50₹,205,5
WestBengal,Hooghly,GoodwinCineplexSerampore,Bengali,14:30,Prime,150₹,12,12
WestBengal,Hooghly,GoodwinCineplexSerampore,Bengali,14:30,Club,110₹,206,143
WestBengal,Raiganj,SvfCinemasRaiganj,Bengali,14:30,Gold,100₹,15,15
WestBengal,Raiganj,SvfCinemasRaiganj,Bengali,14:30,Royal,250₹,14,14
WestBengal,Raiganj,SvfCinemasRaiganj,Bengali,14:30,Platinum,150₹,62,62
WestBengal,Raiganj,SvfCinemasRaiganj,Bengali,14:30,Platinumm,150₹,28,28
WestBengal,Kalna,SvfCinemasKalna,Bengali,14:30,Gold,100₹,9,0
WestBengal,Kalna,SvfCinemasKalna,Bengali,14:30,Platinum,150₹,72,31
Tripura,Agartala,SsrRupasiCinemaAgartala,Bengali,14:30,GoldClass,150₹,182,12
WestBengal,CoochBehar,SvfCinemasCoochBehar,Bengali,14:35,Gold,70₹,20,3
WestBengal,CoochBehar,SvfCinemasCoochBehar,Bengali,14:35,Platinum,100₹,126,59
WestBengal,Kolkata,JayaCinemasCityMallBarasat,Bengali,14:40,DressCircle,140₹,364,133
WestBengal,Kolkata,JayaCinemasCityMallBarasat,Bengali,14:40,RearStall,110₹,56,3
WestBengal,Kolkata,NewEmpireCinemaKolkata,Bengali,15:00,Stall,120₹,380,61
WestBengal,Kolkata,NewEmpireCinemaKolkata,Bengali,15:00,Box,220₹,42,25
WestBengal,Kolkata,NewEmpireCinemaKolkata,Bengali,15:00,Circle,170₹,171,28
WestBengal,Asansol,CarnivalSentrumMall,Bengali,15:00,Gold,150₹,43,42
WestBengal,Asansol,CarnivalSentrumMall,Bengali,15:00,Silver,150₹,150,107
WestBengal,Asansol,CarnivalSentrumMall,Bengali,15:00,Premium,150₹,63,0
WestBengal,CoochBehar,NewCinemaCoochBehar,Bengali,15:00,Balcony,100₹,101,6
WestBengal,Balurghat,SatyajitManchaBalurghat,Bengali,15:30,Balcony,100₹,55,6
WestBengal,Balurghat,SatyajitManchaBalurghat,Bengali,15:30,RearStall,60₹,880,23
WestBengal,BerhamporeWB,SilverScreenBerhampore,Bengali,15:35,Lounger,200₹,8,7
WestBengal,BerhamporeWB,SilverScreenBerhampore,Bengali,15:35,Silver,110₹,22,19
WestBengal,BerhamporeWB,SilverScreenBerhampore,Bengali,15:35,Gold,160₹,22,22
WestBengal,BerhamporeWB,SilverScreenBerhampore,Bengali,15:35,Platinum,250₹,20,20
WestBengal,BerhamporeWB,SilverScreenBerhampore,Bengali,15:35,Recliner,300₹,8,8
WestBengal,Haldia,SvfCinemasHaldia,Bengali,15:45,Gold,100₹,32,6
WestBengal,Haldia,SvfCinemasHaldia,Bengali,15:45,Platinum,150₹,254,81
WestBengal,Kolkata,MirajCinemasNewtownKolkata,Bengali,15:45,Recliner,350₹,47,26
WestBengal,Kolkata,MirajCinemasNewtownKolkata,Bengali,15:45,Executive,200₹,85,80
WestBengal,Kolkata,MirajCinemasNewtownKolkata,Bengali,15:45,Special,180₹,59,5
WestBengal,Hooghly,SvfCinemasKpsMallRupbaniDhaniakhali,Bengali,15:45,Gold,100₹,44,0
WestBengal,Hooghly,SvfCinemasKpsMallRupbaniDhaniakhali,Bengali,15:45,Platinum,100₹,144,22
WestBengal,Kolkata,NazrultirthaCinemaScreen3Kolkata,Bengali,15:50,Gold,150₹,30,29
WestBengal,Kolkata,NazrultirthaCinemaScreen3Kolkata,Bengali,15:50,Recliner,170₹,8,8
WestBengal,Kolkata,NazrultirthaCinemaScreen3Kolkata,Bengali,15:50,Sofa,150₹,12,12
WestBengal,Kolkata,SvfCinemasWoodSquareMallNarendrapur,Bengali,15:55,Gold,200₹,8,8
WestBengal,Kolkata,SvfCinemasWoodSquareMallNarendrapur,Bengali,15:55,Platinum,200₹,116,116
WestBengal,Kolkata,SvfCinemasWoodSquareMallNarendrapur,Bengali,15:55,Royal,300₹,9,9
WestBengal,Kolkata,NavinaCinemaTollygunge,Bengali,16:00,PremiumStall,100₹,486,486
WestBengal,Kolkata,NavinaCinemaTollygunge,Bengali,16:00,DressCircle,160₹,107,107
WestBengal,Kolkata,NavinaCinemaTollygunge,Bengali,16:00,Balcony,150₹,228,228
WestBengal,Jiaganj,MahabirJainMunicipaltyCulturalJiaganj,Bengali,16:00,Balcony,100₹,95,0
WestBengal,Jiaganj,MahabirJainMunicipaltyCulturalJiaganj,Bengali,16:00,RearStall,80₹,286,0
WestBengal,Kolkata,AtindraCinemaBarrackpore,Bengali,16:00,Premium,200₹,138,137
WestBengal,Kolkata,AtindraCinemaBarrackpore,Bengali,16:00,SuperPremium,300₹,20,20
WestBengal,Kolkata,EloraMultiplexChampahati,Bengali,16:00,Gold,100₹,60,10
WestBengal,Kolkata,EloraMultiplexChampahati,Bengali,16:00,Silver,70₹,152,2
WestBengal,Kolkata,PvrDiamondPlazaJessoreKolkata,Bengali,16:00,Classic,310₹,273,246
WestBengal,Kolkata,PvrDiamondPlazaJessoreKolkata,Bengali,16:00,Prime,360₹,11,11
WestBengal,Kolkata,PvrDiamondPlazaJessoreKolkata,Bengali,16:00,Recliner,530₹,10,9
Assam,Guwahati,PvrCityCentreGuwahati,Bengali,16:05,Classic,190₹,40,11
Assam,Guwahati,PvrCityCentreGuwahati,Bengali,16:05,Prime,220₹,82,29
Assam,Guwahati,PvrCityCentreGuwahati,Bengali,16:05,PrimePlus,260₹,13,9
WestBengal,Hooghly,UdayanCinemaSheoraphuli,Bengali,16:10,Silver,110₹,43,36
WestBengal,Hooghly,UdayanCinemaSheoraphuli,Bengali,16:10,Gold,150₹,235,231
WestBengal,Hooghly,UdayanCinemaSheoraphuli,Bengali,16:10,Royal,150₹,55,55
WestBengal,Hooghly,UdayanCinemaSheoraphuli,Bengali,16:10,Recliner,250₹,16,16
WestBengal,Hooghly,SushamaCinemaSheoraphuli,Bengali,16:10,BalconyAc,130₹,105,45
WestBengal,Hooghly,SushamaCinemaSheoraphuli,Bengali,16:10,RearStallSpecialClass,100₹,26,25
WestBengal,Hooghly,SushamaCinemaSheoraphuli,Bengali,16:10,RearStall,70₹,390,39
WestBengal,Kolkata,CinepolisLakeMallKolkata,Bengali,16:10,Normal,220₹,40,38
WestBengal,Kolkata,CinepolisLakeMallKolkata,Bengali,16:10,Executive,240₹,168,168
WestBengal,Kolkata,CinepolisLakeMallKolkata,Bengali,16:10,Premium,260₹,46,46
WestBengal,Kolkata,CinepolisLakeMallKolkata,Bengali,16:10,Vip,500₹,10,10
Telangana,Hyderabad,PvrNexusMallKukatpallyHyderabad,Bengali,16:15,Classic,150₹,244,76
Telangana,Hyderabad,PvrNexusMallKukatpallyHyderabad,Bengali,16:15,Recliner,250₹,13,10
WestBengal,Kolkata,InoxCityCenterSaltLake,Bengali,16:15,Royale,290₹,50,48
WestBengal,Kolkata,InoxCityCenterSaltLake,Bengali,16:15,DressCircle,270₹,194,183
WestBengal,Kolkata,InoxCityCenterSaltLake,Bengali,16:15,Galleria,200₹,76,40
WestBengal,Siliguri,NewCinemaSiliguri,Bengali,16:15,Sofa,200₹,72,0
WestBengal,Siliguri,NewCinemaSiliguri,Bengali,16:15,SpecialClass,80₹,162,4
WestBengal,Asansol,CarnivalSentrumMall,Bengali,16:30,Gold,150₹,43,43
WestBengal,Asansol,CarnivalSentrumMall,Bengali,16:30,Silver,150₹,150,138
WestBengal,Asansol,CarnivalSentrumMall,Bengali,16:30,Premium,150₹,63,57
WestBengal,Kolkata,HindInoxKolkata,Bengali,16:30,Silver,230₹,195,135
WestBengal,Kolkata,HindInoxKolkata,Bengali,16:30,Premium,200₹,131,54
WestBengal,Kolkata,HindInoxKolkata,Bengali,16:30,Executive,180₹,38,2
WestBengal,Kolkata,PriyaCinemaRashbehariAvenue,Bengali,16:35,Rear,100₹,341,341
WestBengal,Kolkata,PriyaCinemaRashbehariAvenue,Bengali,16:35,Box,170₹,12,12
WestBengal,Kolkata,PriyaCinemaRashbehariAvenue,Bengali,16:35,Recliners,270₹,17,17
WestBengal,Kolkata,PriyaCinemaRashbehariAvenue,Bengali,16:35,Classic,190₹,76,76
WestBengal,Kolkata,PriyaCinemaRashbehariAvenue,Bengali,16:35,Balcony,170₹,104,104
UttarPradesh,NationalCapitalRegionNcr,PvrLogixNoida,Bengali,16:40,Classic,340₹,89,46
WestBengal,Kolkata,LaliCinemaBarasat,Bengali,16:45,DressCircle,110₹,22,0
WestBengal,Kolkata,LaliCinemaBarasat,Bengali,16:45,Balcony,70₹,169,11
WestBengal,Kolkata,LaliCinemaBarasat,Bengali,16:45,DiamondAc,150₹,76,0
WestBengal,Kolkata,LaliCinemaBarasat,Bengali,16:45,RearStall,50₹,162,2
WestBengal,Kharagpur,BombayCineplexKharagpur,Bengali,16:50,Silver,150₹,58,37
WestBengal,Kharagpur,BombayCineplexKharagpur,Bengali,16:50,Gold,150₹,175,173
WestBengal,Burdwan,InoxBurdwanArcadeBBGhoshRoad,Bengali,16:50,Royal,210₹,85,61
WestBengal,Burdwan,InoxBurdwanArcadeBBGhoshRoad,Bengali,16:50,Club,190₹,132,86
WestBengal,Burdwan,InoxBurdwanArcadeBBGhoshRoad,Bengali,16:50,Executive,160₹,39,3
WestBengal,Kolkata,BijoliCinemaKolkata,Bengali,17:00,Balcony,100₹,188,64
WestBengal,Kolkata,BijoliCinemaKolkata,Bengali,17:00,RearStall,80₹,614,27
WestBengal,Kolkata,ChhabigharCinemaKolkata,Bengali,17:00,Balcony,100₹,144,40
WestBengal,Kolkata,ChhabigharCinemaKolkata,Bengali,17:00,RearStall,80₹,502,16
Orissa,Rourkela,PvrForumRourkela,Bengali,17:00,Classic,150₹,28,0
Orissa,Rourkela,PvrForumRourkela,Bengali,17:00,Prime,150₹,98,17
Orissa,Rourkela,PvrForumRourkela,Bengali,17:00,PrimePlus,150₹,13,9
WestBengal,BerhamporeWB,MohanTalkiesBerhampore,Bengali,17:00,Silver,110₹,32,32
WestBengal,BerhamporeWB,MohanTalkiesBerhampore,Bengali,17:00,Gold,150₹,76,76
WestBengal,BerhamporeWB,MohanTalkiesBerhampore,Bengali,17:00,Platinum,180₹,52,52
WestBengal,BerhamporeWB,MohanTalkiesBerhampore,Bengali,17:00,Recliner,300₹,14,14
WestBengal,Kalna,SvfCinemasKalna,Bengali,17:00,Gold,100₹,9,9
WestBengal,Kalna,SvfCinemasKalna,Bengali,17:00,Platinum,150₹,72,72
WestBengal,Jalpaiguri,SvfCinemasPrmMarketCityJalpaiguri,Bengali,17:10,Gold,100₹,26,24
WestBengal,Jalpaiguri,SvfCinemasPrmMarketCityJalpaiguri,Bengali,17:10,Platinum,150₹,120,117
Tripura,Agartala,SsrRupasiCinemaAgartala,Bengali,17:10,GoldClass,150₹,182,6
WestBengal,Kolkata,PvrManiSquareMallKolkata,Bengali,17:10,Classic,250₹,48,13
WestBengal,Kolkata,PvrManiSquareMallKolkata,Bengali,17:10,Prime,280₹,110,103
WestBengal,Kolkata,PvrManiSquareMallKolkata,Bengali,17:10,Recliner,520₹,8,8
WestBengal,Krishnanagar,SvfCinemasKrishnanagar,Bengali,17:10,Gold,100₹,24,19
WestBengal,Krishnanagar,SvfCinemasKrishnanagar,Bengali,17:10,Platinum,150₹,200,172
UttarPradesh,NationalCapitalRegionNcr,PvrPromenadeVasantKunj,Bengali,17:15,Classic,250₹,130,17
UttarPradesh,NationalCapitalRegionNcr,PvrPromenadeVasantKunj,Bengali,17:15,Prime,300₹,22,16
WestBengal,Kolkata,JayaCinemasCityMallBarasat,Bengali,17:25,DressCircle,140₹,364,300
WestBengal,Kolkata,JayaCinemasCityMallBarasat,Bengali,17:25,RearStall,110₹,56,17
WestBengal,CoochBehar,NewCinemaCoochBehar,Bengali,17:30,Balcony,100₹,101,2
Maharashtra,Mumbai,InoxRCityGhatkopar,Bengali,17:40,RoyalRecliner,480₹,13,11
Maharashtra,Mumbai,InoxRCityGhatkopar,Bengali,17:40,Royal,260₹,45,43
Maharashtra,Mumbai,InoxRCityGhatkopar,Bengali,17:40,Club,220₹,63,44
Maharashtra,Mumbai,InoxRCityGhatkopar,Bengali,17:40,Executive,190₹,36,3
WestBengal,Kolkata,NazrultirthaCinemaKolkata,Bengali,17:50,Silver,150₹,26,26
WestBengal,Kolkata,NazrultirthaCinemaKolkata,Bengali,17:50,Gold,170₹,75,62
WestBengal,Siliguri,InoxCityCentreSiliguri,Bengali,17:55,Royale,320₹,15,10
WestBengal,Siliguri,InoxCityCentreSiliguri,Bengali,17:55,Club,250₹,192,51
WestBengal,Siliguri,InoxCityCentreSiliguri,Bengali,17:55,Executive,230₹,32,0
WestBengal,CoochBehar,JayaCinemasCityMallCoochBehar,Bengali,18:15,Royal,150₹,19,10
WestBengal,CoochBehar,JayaCinemasCityMallCoochBehar,Bengali,18:15,Club,100₹,184,18
WestBengal,CoochBehar,JayaCinemasCityMallCoochBehar,Bengali,18:15,Executive,70₹,56,0
WestBengal,Krishnanagar,SangeetaTalkiesKrishnanagar,Bengali,18:30,Balcony,50₹,231,0
WestBengal,Krishnanagar,SangeetaTalkiesKrishnanagar,Bengali,18:30,FirstClass,30₹,513,0
WestBengal,Balurghat,SatyajitManchaBalurghat,Bengali,18:30,Balcony,100₹,55,7
WestBengal,Balurghat,SatyajitManchaBalurghat,Bengali,18:30,RearStall,60₹,880,11
WestBengal,Haldia,SvfCinemasHaldia,Bengali,18:30,Gold,100₹,32,22
WestBengal,Haldia,SvfCinemasHaldia,Bengali,18:30,Platinum,150₹,254,84
WestBengal,Kolkata,AtindraCinemaBarrackpore,Bengali,18:30,Premium,200₹,138,136
WestBengal,Kolkata,AtindraCinemaBarrackpore,Bengali,18:30,SuperPremium,300₹,20,20
Orissa,Bhubaneswar,CinepolisNexusEsplanadeBhubaneswar,Bengali,18:30,Normal,160₹,23,0
Orissa,Bhubaneswar,CinepolisNexusEsplanadeBhubaneswar,Bengali,18:30,Executive,180₹,52,7
Orissa,Bhubaneswar,CinepolisNexusEsplanadeBhubaneswar,Bengali,18:30,Premium,200₹,48,17
Orissa,Bhubaneswar,CinepolisNexusEsplanadeBhubaneswar,Bengali,18:30,Vip,500₹,10,8
WestBengal,Kolkata,MirajCinemasNewtownKolkata,Bengali,18:30,Recliner,350₹,47,31
WestBengal,Kolkata,MirajCinemasNewtownKolkata,Bengali,18:30,Executive,200₹,85,69
WestBengal,Kolkata,MirajCinemasNewtownKolkata,Bengali,18:30,Special,180₹,59,4
WestBengal,Kolkata,SvfCinemasWoodSquareMallNarendrapur,Bengali,18:35,Gold,200₹,8,8
WestBengal,Kolkata,SvfCinemasWoodSquareMallNarendrapur,Bengali,18:35,Platinum,200₹,116,116
WestBengal,Kolkata,SvfCinemasWoodSquareMallNarendrapur,Bengali,18:35,Royal,300₹,9,9
Karnataka,Bengaluru,CinepolisNexusShantiniketanBengaluru,Bengali,18:45,Normal,220₹,24,2
Karnataka,Bengaluru,CinepolisNexusShantiniketanBengaluru,Bengali,18:45,Executive,240₹,24,18
Karnataka,Bengaluru,CinepolisNexusShantiniketanBengaluru,Bengali,18:45,Premium,260₹,80,74
Karnataka,Bengaluru,CinepolisNexusShantiniketanBengaluru,Bengali,18:45,Vip,500₹,10,7
WestBengal,Kolkata,EloraMultiplexChampahati,Bengali,18:45,Gold,100₹,60,8
WestBengal,Kolkata,EloraMultiplexChampahati,Bengali,18:45,Silver,70₹,152,7
WestBengal,Kolkata,PvrUniworldDowntownMallNewTownKolkata,Bengali,18:45,Classic,160₹,48,0
WestBengal,Kolkata,PvrUniworldDowntownMallNewTownKolkata,Bengali,18:45,Prime,200₹,156,39
WestBengal,Kolkata,PvrUniworldDowntownMallNewTownKolkata,Bengali,18:45,Recliner,410₹,6,5
WestBengal,Hooghly,SushamaCinemaSheoraphuli,Bengali,18:50,BalconyAc,130₹,105,13
WestBengal,Hooghly,SushamaCinemaSheoraphuli,Bengali,18:50,RearStallSpecialClass,100₹,26,2
WestBengal,Hooghly,SushamaCinemaSheoraphuli,Bengali,18:50,RearStall,70₹,390,2
WestBengal,Siliguri,CarnivalCinemasSiliguri,Bengali,18:50,Special,160₹,28,0
WestBengal,Siliguri,CarnivalCinemasSiliguri,Bengali,18:50,Executive,160₹,188,19
Gujarat,Surat,InoxVrMallSurat,Bengali,18:50,RoyalRecliner,370₹,18,6
Gujarat,Surat,InoxVrMallSurat,Bengali,18:50,Royal,190₹,60,6
Gujarat,Surat,InoxVrMallSurat,Bengali,18:50,Club,170₹,102,2
Gujarat,Surat,InoxVrMallSurat,Bengali,18:50,Executive,150₹,34,0
WestBengal,Kolkata,InoxMetroJawaharlalNehruRoad,Bengali,18:55,Royal,240₹,61,22
WestBengal,Kolkata,InoxMetroJawaharlalNehruRoad,Bengali,18:55,Club,220₹,138,16
WestBengal,Kolkata,InoxMetroJawaharlalNehruRoad,Bengali,18:55,Executive,200₹,38,2
WestBengal,Kolkata,PvrDiamondPlazaJessoreKolkata,Bengali,18:55,Classic,310₹,273,258
WestBengal,Kolkata,PvrDiamondPlazaJessoreKolkata,Bengali,18:55,Prime,360₹,11,10
WestBengal,Kolkata,PvrDiamondPlazaJessoreKolkata,Bengali,18:55,Recliner,530₹,10,9
Maharashtra,Mumbai,PvrLodhaXperiaPalava,Bengali,19:00,Classic,230₹,36,2
Maharashtra,Mumbai,PvrLodhaXperiaPalava,Bengali,19:00,Prime,270₹,126,32
Maharashtra,Mumbai,PvrLodhaXperiaPalava,Bengali,19:00,Recliner,370₹,12,3
WestBengal,Jiaganj,MahabirJainMunicipaltyCulturalJiaganj,Bengali,19:00,Balcony,100₹,95,0
WestBengal,Jiaganj,MahabirJainMunicipaltyCulturalJiaganj,Bengali,19:00,RearStall,80₹,286,0
WestBengal,Kolkata,InoxCityCenterSaltLake,Bengali,19:10,Royale,290₹,50,46
WestBengal,Kolkata,InoxCityCenterSaltLake,Bengali,19:10,DressCircle,270₹,194,185
WestBengal,Kolkata,InoxCityCenterSaltLake,Bengali,19:10,Galleria,200₹,76,35
WestBengal,Raiganj,SvfCinemasRaiganj,Bengali,19:10,Gold,100₹,15,15
WestBengal,Raiganj,SvfCinemasRaiganj,Bengali,19:10,Royal,250₹,14,14
WestBengal,Raiganj,SvfCinemasRaiganj,Bengali,19:10,Platinum,150₹,62,61
WestBengal,Raiganj,SvfCinemasRaiganj,Bengali,19:10,Platinumm,150₹,28,28
Maharashtra,Mumbai,PvrInfinitiMaladMumbai,Bengali,19:10,Prime,190₹,76,27
WestBengal,Kolkata,CinepolisLakeMallKolkata,Bengali,19:15,Normal,220₹,40,33
WestBengal,Kolkata,CinepolisLakeMallKolkata,Bengali,19:15,Executive,240₹,168,155
WestBengal,Kolkata,CinepolisLakeMallKolkata,Bengali,19:15,Premium,260₹,46,42
WestBengal,Kolkata,CinepolisLakeMallKolkata,Bengali,19:15,Vip,500₹,10,10
WestBengal,Hooghly,UdayanCinemaSheoraphuli,Bengali,19:20,Diamond,110₹,12,2
WestBengal,Hooghly,UdayanCinemaSheoraphuli,Bengali,19:20,Royal,150₹,62,60
WestBengal,Hooghly,UdayanCinemaSheoraphuli,Bengali,19:20,RoyalCouple,150₹,12,12
WestBengal,Hooghly,UdayanCinemaSheoraphuli,Bengali,19:20,RoyalRecliner,250₹,8,6
Karnataka,Bengaluru,PvrVegaCityBannerghattaRoad,Bengali,19:25,Classic,280₹,86,67
Karnataka,Bengaluru,PvrVegaCityBannerghattaRoad,Bengali,19:25,Recliner,600₹,9,8
Karnataka,Bengaluru,InoxGarudaMallMagrathRoad,Bengali,19:25,RoyaleRecliners,600₹,16,8
Karnataka,Bengaluru,InoxGarudaMallMagrathRoad,Bengali,19:25,Club,290₹,88,57
Karnataka,Bengaluru,InoxGarudaMallMagrathRoad,Bengali,19:25,Executive,280₹,88,6
WestBengal,CoochBehar,SvfCinemasCoochBehar,Bengali,19:25,Gold,70₹,20,0
WestBengal,CoochBehar,SvfCinemasCoochBehar,Bengali,19:25,Platinum,100₹,126,29
WestBengal,Kolkata,ChhabigharCinemaKolkata,Bengali,19:30,Balcony,100₹,144,7
WestBengal,Kolkata,ChhabigharCinemaKolkata,Bengali,19:30,RearStall,80₹,502,2
TamilNadu,Chennai,PvrGrandMallVelachery,Bengali,19:30,Prime,175₹,167,47
TamilNadu,Chennai,PvrGrandMallVelachery,Bengali,19:30,Classic,63₹,40,40
WestBengal,Malda,RupkathaCinemaDolbyDigitalMalda,Bengali,19:30,Balcony,80₹,38,3
WestBengal,Malda,RupkathaCinemaDolbyDigitalMalda,Bengali,19:30,GroundFloorAcClass,150₹,69,2
Jharkhand,Dhanbad,InoxCinemasDhanbad,Bengali,19:30,Executive,260₹,163,85
Jharkhand,Dhanbad,InoxCinemasDhanbad,Bengali,19:30,Silver,250₹,65,0
Jharkhand,Dhanbad,InoxCinemasDhanbad,Bengali,19:30,Premier,220₹,39,13
Maharashtra,Pune,CinepolisSeasonsMallPune,Bengali,19:30,Normal,200₹,27,0
Maharashtra,Pune,CinepolisSeasonsMallPune,Bengali,19:30,Executive,220₹,92,28
Maharashtra,Pune,CinepolisSeasonsMallPune,Bengali,19:30,Premium,220₹,33,24
TamilNadu,Vellore,PvrVelocitySilkMillGandhiNagar,Bengali,19:40,Prime,189₹,167,0
TamilNadu,Vellore,PvrVelocitySilkMillGandhiNagar,Bengali,19:40,Classic,63₹,17,17
WestBengal,Krishnanagar,SvfCinemasKrishnanagar,Bengali,19:40,Gold,100₹,24,0
WestBengal,Krishnanagar,SvfCinemasKrishnanagar,Bengali,19:40,Platinum,150₹,200,7
WestBengal,Burdwan,InoxBurdwanArcadeBBGhoshRoad,Bengali,19:45,Royal,200₹,85,50
WestBengal,Burdwan,InoxBurdwanArcadeBBGhoshRoad,Bengali,19:45,Club,180₹,132,42
WestBengal,Burdwan,InoxBurdwanArcadeBBGhoshRoad,Bengali,19:45,Executive,160₹,39,6
WestBengal,Jalpaiguri,SvfCinemasPrmMarketCityJalpaiguri,Bengali,19:45,Gold,100₹,26,3
WestBengal,Jalpaiguri,SvfCinemasPrmMarketCityJalpaiguri,Bengali,19:45,Platinum,150₹,120,46
Telangana,Hyderabad,InoxGsmMallHyderabad,Bengali,19:45,Royal,250₹,11,8
Telangana,Hyderabad,InoxGsmMallHyderabad,Bengali,19:45,Executive,150₹,152,44
Jharkhand,Ranchi,PvrNucleusMallRanchi,Bengali,19:50,Classic,200₹,30,0
Jharkhand,Ranchi,PvrNucleusMallRanchi,Bengali,19:50,ClassicPlus,240₹,123,22
Jharkhand,Ranchi,PvrNucleusMallRanchi,Bengali,19:50,Prime,270₹,54,19
Jharkhand,Ranchi,PvrNucleusMallRanchi,Bengali,19:50,Recliner,500₹,10,6
WestBengal,Asansol,CarnivalSentrumMall,Bengali,19:55,Gold,150₹,43,26
WestBengal,Asansol,CarnivalSentrumMall,Bengali,19:55,Silver,150₹,150,17
WestBengal,Asansol,CarnivalSentrumMall,Bengali,19:55,Premium,150₹,63,2
Maharashtra,Pune,InoxAmanoraTownCentreHadapsar,Bengali,19:55,Royale,290₹,5,5
Maharashtra,Pune,InoxAmanoraTownCentreHadapsar,Bengali,19:55,Club,180₹,119,43
Maharashtra,Pune,InoxAmanoraTownCentreHadapsar,Bengali,19:55,Executive,180₹,21,0
UttarPradesh,NationalCapitalRegionNcr,InoxNehruPlace,Bengali,20:05,Royal,400₹,33,20
UttarPradesh,NationalCapitalRegionNcr,InoxNehruPlace,Bengali,20:05,Club,380₹,75,21
UttarPradesh,NationalCapitalRegionNcr,InoxNehruPlace,Bengali,20:05,Executive,360₹,70,0
WestBengal,Kolkata,PvrManiSquareMallKolkata,Bengali,20:05,Classic,220₹,48,0
WestBengal,Kolkata,PvrManiSquareMallKolkata,Bengali,20:05,Prime,250₹,110,80
WestBengal,Kolkata,PvrManiSquareMallKolkata,Bengali,20:05,Recliner,490₹,8,6
WestBengal,Kolkata,PvrDiamondPlazaJessoreKolkata,Bengali,20:10,Classic,310₹,100,69
WestBengal,Kolkata,PvrDiamondPlazaJessoreKolkata,Bengali,20:10,Prime,360₹,11,11
WestBengal,Kolkata,PvrDiamondPlazaJessoreKolkata,Bengali,20:10,Recliner,530₹,12,11
WestBengal,Kolkata,NazrultirthaCinemaKolkata,Bengali,20:30,Silver,150₹,26,9
WestBengal,Kolkata,NazrultirthaCinemaKolkata,Bengali,20:30,Gold,170₹,75,59
WestBengal,Kolkata,JayaCinemasCityMallBarasat,Bengali,20:40,DressCircle,140₹,182,45
WestBengal,Kolkata,JayaCinemasCityMallBarasat,Bengali,20:40,RearStall,110₹,28,0
WestBengal,Kolkata,AjantaCinemaBehala,Bengali,20:55,Balcony,150₹,106,64
WestBengal,Kolkata,AtindraCinemaBarrackpore,Bengali,21:00,Premium,150₹,138,67
WestBengal,Kolkata,AtindraCinemaBarrackpore,Bengali,21:00,SuperPremium,250₹,20,2
WestBengal,Kolkata,NavinaCinemaTollygunge,Bengali,21:00,PremiumStall,100₹,486,187
WestBengal,Kolkata,NavinaCinemaTollygunge,Bengali,21:00,DressCircle,160₹,107,49
WestBengal,Kolkata,NavinaCinemaTollygunge,Bengali,21:00,Balcony,150₹,228,104
WestBengal,Kolkata,CinepolisLakeMallKolkata,Bengali,21:10,Normal,160₹,40,0
WestBengal,Kolkata,CinepolisLakeMallKolkata,Bengali,21:10,Executive,180₹,188,49
WestBengal,Kolkata,CinepolisLakeMallKolkata,Bengali,21:10,Premium,200₹,47,46
WestBengal,Kolkata,CinepolisLakeMallKolkata,Bengali,21:10,Vip,450₹,12,8
WestBengal,Kolkata,SvfCinemasWoodSquareMallNarendrapur,Bengali,21:15,Gold,200₹,8,0
WestBengal,Kolkata,SvfCinemasWoodSquareMallNarendrapur,Bengali,21:15,Platinum,200₹,116,80
WestBengal,Kolkata,SvfCinemasWoodSquareMallNarendrapur,Bengali,21:15,Royal,300₹,9,9
Maharashtra,Mumbai,CinepolisNexusSeawoodsNaviMumbai,Bengali,21:30,Normal,220₹,49,49
Maharashtra,Mumbai,CinepolisNexusSeawoodsNaviMumbai,Bengali,21:30,Executive,240₹,74,17
Maharashtra,Mumbai,CinepolisNexusSeawoodsNaviMumbai,Bengali,21:30,Premium,260₹,60,24
Maharashtra,Mumbai,CinepolisNexusSeawoodsNaviMumbai,Bengali,21:30,Vip,480₹,14,0
WestBengal,Kolkata,PvrUniworldDowntownMallNewTownKolkata,Bengali,21:40,Classic,160₹,48,0
WestBengal,Kolkata,PvrUniworldDowntownMallNewTownKolkata,Bengali,21:40,Prime,200₹,156,10
WestBengal,Kolkata,PvrUniworldDowntownMallNewTownKolkata,Bengali,21:40,Recliner,410₹,6,5
WestBengal,Kolkata,InoxStarMallMadhyamgram,Bengali,21:40,Royal,220₹,73,43
WestBengal,Kolkata,InoxStarMallMadhyamgram,Bengali,21:40,Club,200₹,95,43
WestBengal,Kolkata,InoxStarMallMadhyamgram,Bengali,21:40,Executive,180₹,30,0
WestBengal,Kolkata,PvrDiamondPlazaJessoreKolkata,Bengali,21:50,Classic,280₹,273,140
WestBengal,Kolkata,PvrDiamondPlazaJessoreKolkata,Bengali,21:50,Prime,330₹,11,11
WestBengal,Kolkata,PvrDiamondPlazaJessoreKolkata,Bengali,21:50,Recliner,500₹,10,5
WestBengal,Kolkata,InoxCityCenterSaltLake,Bengali,22:05,Royale,280₹,50,22
WestBengal,Kolkata,InoxCityCenterSaltLake,Bengali,22:05,DressCircle,240₹,194,25
WestBengal,Kolkata,InoxCityCenterSaltLake,Bengali,22:05,Galleria,200₹,76,0
Telangana,Hyderabad,InoxGsmMallHyderabad,Bengali,22:35,Royal,250₹,11,6
Telangana,Hyderabad,InoxGsmMallHyderabad,Bengali,22:35,Executive,150₹,152,6