State,City,Name,Language,Time(IST),Area,Price,Capacity,Booked
Gujarat,Anand,ShaanCinema9ScreenMultiplexAnand,Gujarati,08:30,Recliner,₹400,13,2
Gujarat,Anand,ShaanCinema9ScreenMultiplexAnand,Gujarati,08:30,Sofa,₹150,28,4
Gujarat,Anand,ShaanCinema9ScreenMultiplexAnand,Gujarati,08:30,Platinum,₹100,66,5
Gujarat,Anand,ShaanCinema9ScreenMultiplexAnand,Gujarati,08:30,Gold,₹100,45,0
Gujarat,Surat,CherishCinemasKatargam,Gujarati,08:45,Gold,₹110,52,1
Gujarat,Surat,CherishCinemasKatargam,Gujarati,08:45,Silver,₹110,64,1
Gujarat,Surat,CherishCinemasKatargam,Gujarati,08:45,Platinum,₹110,32,0
Gujarat,Surat,CherishCinemasKatargam,Gujarati,08:45,Premium,₹110,32,1
Gujarat,Anand,ShaanCinema9ScreenMultiplexAnand,Gujarati,09:00,VvipRecliner,₹350,25,0
Gujarat,Anand,ShaanCinema9ScreenMultiplexAnand,Gujarati,09:00,PrimeSofa,₹99,75,0
Gujarat,Anand,ShaanCinema9ScreenMultiplexAnand,Gujarati,09:00,Lounger,₹99,12,0
Gujarat,Ankleshwar,RajhansCinemasApplePlazaAnkleshwar,Gujarati,09:00,Recliner,₹250,19,0
Gujarat,Ankleshwar,RajhansCinemasApplePlazaAnkleshwar,Gujarati,09:00,Executive,₹130,175,0
Gujarat,Ankleshwar,RajhansCinemasApplePlazaAnkleshwar,Gujarati,09:00,Royal,₹130,63,0
Gujarat,Ankleshwar,RajhansCinemasApplePlazaAnkleshwar,Gujarati,09:00,Marvel,₹110,38,0
Gujarat,Bharuch,RajhansCinemasGoldenSquareBharuch,Gujarati,09:00,Recliner,₹250,21,21
Gujarat,Bharuch,RajhansCinemasGoldenSquareBharuch,Gujarati,09:00,Executive,₹130,120,120
Gujarat,Bharuch,RajhansCinemasGoldenSquareBharuch,Gujarati,09:00,Royal,₹130,32,32
Gujarat,Bharuch,RajhansCinemasGoldenSquareBharuch,Gujarati,09:00,Marvel,₹110,32,32
Gujarat,Gandhidham,RajhansCinemasGandhidham,Gujarati,09:00,Recliner,₹250,25,3
Gujarat,Gandhidham,RajhansCinemasGandhidham,Gujarati,09:00,Platinum,₹200,44,0
Gujarat,Gandhidham,RajhansCinemasGandhidham,Gujarati,09:00,Executive,₹130,162,26
Gujarat,Gandhidham,RajhansCinemasGandhidham,Gujarati,09:00,Royal,₹110,52,0
Gujarat,Gandhidham,RajhansCinemasGandhidham,Gujarati,09:00,Marvel,₹110,52,0
Gujarat,Ahmedabad,MirajCityPulseAhmedabad,Gujarati,09:00,Gold,₹130,56,5
Gujarat,Jamnagar,InoxCrystalMallJamnagar,Gujarati,09:05,Royal,₹160,44,15
Gujarat,Jamnagar,InoxCrystalMallJamnagar,Gujarati,09:05,Club,₹150,116,0
Gujarat,Jamnagar,InoxCrystalMallJamnagar,Gujarati,09:05,Executive,₹150,20,0
Gujarat,Ahmedabad,CinepolisNexusAhmedabadOne,Gujarati,09:05,Normal,₹130,30,2
Gujarat,Ahmedabad,CinepolisNexusAhmedabadOne,Gujarati,09:05,Executive,₹150,64,15
Gujarat,Ahmedabad,CinepolisNexusAhmedabadOne,Gujarati,09:05,Premium,₹200,52,13
Gujarat,Surat,RajImperialInoxVarachhaRoadSurat,Gujarati,09:05,Imperial,₹290,9,9
Gujarat,Surat,RajImperialInoxVarachhaRoadSurat,Gujarati,09:05,Platinum,₹150,26,6
Gujarat,Surat,RajImperialInoxVarachhaRoadSurat,Gujarati,09:05,Gold,₹112,30,0
Gujarat,Surat,RajImperialInoxVarachhaRoadSurat,Gujarati,09:05,Silver,₹100,10,0
Gujarat,Surat,RajhansCinemasRajhansFlamingoKatargamSurat,Gujarati,09:10,Recliner,₹310,18,0
Gujarat,Surat,RajhansCinemasRajhansFlamingoKatargamSurat,Gujarati,09:10,Executive,₹160,137,19
Gujarat,Surat,RajhansCinemasRajhansFlamingoKatargamSurat,Gujarati,09:10,Royal,₹140,51,0
Gujarat,Surat,RajhansCinemasRajhansFlamingoKatargamSurat,Gujarati,09:10,Marvel,₹140,34,0
Gujarat,Kadi,CityGoldKadi,Gujarati,09:15,Box,₹110,16,0
Gujarat,Kadi,CityGoldKadi,Gujarati,09:15,Gold,₹100,140,0
Gujarat,Kadi,CityGoldKadi,Gujarati,09:15,Silver,₹100,34,0
Gujarat,Vadodara,CinepolisInorbitVadodaraMall,Gujarati,09:15,Normal,₹150,24,0
Gujarat,Vadodara,CinepolisInorbitVadodaraMall,Gujarati,09:15,Premium,₹170,38,10
Gujarat,Vadodara,CinepolisInorbitVadodaraMall,Gujarati,09:15,Executive,₹170,96,0
Gujarat,Ahmedabad,RajhansCinemasSatadhar,Gujarati,09:15,Executive,₹110,175,27
Gujarat,Ahmedabad,RajhansCinemasSatadhar,Gujarati,09:15,Royal,₹100,105,0
Gujarat,Ahmedabad,RajhansCinemasSatadhar,Gujarati,09:15,Marvel,₹100,30,0
Gujarat,Ahmedabad,RajhansCinemasSatadhar,Gujarati,09:15,Box,₹110,4,4
Gujarat,Kadi,CityGoldKadi,Gujarati,09:15,Box,₹110,16,0
Gujarat,Kadi,CityGoldKadi,Gujarati,09:15,Gold,₹100,140,0
Gujarat,Kadi,CityGoldKadi,Gujarati,09:15,Silver,₹100,34,0
Gujarat,Anand,AjayDevgnSNyCinemasGalleriaMallAnand,Gujarati,09:15,Recliner,₹200,36,36
Gujarat,Anand,AjayDevgnSNyCinemasGalleriaMallAnand,Gujarati,09:15,Prime,₹100,150,150
Gujarat,Anand,AjayDevgnSNyCinemasGalleriaMallAnand,Gujarati,09:15,Classic,₹100,45,45
Gujarat,Ahmedabad,RajhansCinemasVastral,Gujarati,09:15,Recliner,₹300,17,6
Gujarat,Ahmedabad,RajhansCinemasVastral,Gujarati,09:15,Executive,₹140,104,6
Gujarat,Ahmedabad,RajhansCinemasVastral,Gujarati,09:15,Royal,₹130,40,0
Gujarat,Ahmedabad,RajhansCinemasVastral,Gujarati,09:15,Marvel,₹110,32,0
Gujarat,Surat,RajhansMultiplexAdajanSurat,Gujarati,09:15,Box,₹170,6,0
Gujarat,Surat,RajhansMultiplexAdajanSurat,Gujarati,09:15,Executive,₹110,292,0
Gujarat,Navsari,RajhansCinemasNavsari,Gujarati,09:15,Platinum,₹150,59,9
Gujarat,Navsari,RajhansCinemasNavsari,Gujarati,09:15,Executive,₹130,96,16
Gujarat,Navsari,RajhansCinemasNavsari,Gujarati,09:15,Royal,₹110,96,0
Gujarat,Navsari,RajhansCinemasNavsari,Gujarati,09:15,Marvel,₹110,32,0
Gujarat,Surat,AppleCinemaJahangirpuraSurat,Gujarati,09:20,Platinum,₹130,94,0
Gujarat,Rajkot,CosmoplexMultiplexRajkot,Gujarati,09:20,Crew,₹150,244,0
Gujarat,Rajkot,CosmoplexMultiplexRajkot,Gujarati,09:20,Captain,₹180,174,0
Gujarat,Rajkot,CosmoplexMultiplexRajkot,Gujarati,09:20,Club,₹300,28,0
Chhattisgarh,Raigarh,GrandCinemasRaigarh,Hindi,09:30,Box,₹290,13,0
Chhattisgarh,Raigarh,GrandCinemasRaigarh,Hindi,09:30,PlatinumRecliner,₹290,17,0
Chhattisgarh,Raigarh,GrandCinemasRaigarh,Hindi,09:30,Gold,₹180,146,0
Chhattisgarh,Raigarh,GrandCinemasRaigarh,Hindi,09:30,Silver,₹130,80,0
Gujarat,Mehsana,SaneliteCinemasDMartCircleMehsana,Gujarati,09:30,UpperSliderSofa,₹150,37,0
Gujarat,Mehsana,SaneliteCinemasDMartCircleMehsana,Gujarati,09:30,MiddleSliderSofa,₹130,35,0
Gujarat,Mehsana,SaneliteCinemasDMartCircleMehsana,Gujarati,09:30,Lounger,₹110,8,0
Gujarat,Bhavnagar,MaxusCinemasBhavnagar,Gujarati,09:30,Sofa,₹112,35,0
Gujarat,Bhavnagar,MaxusCinemasBhavnagar,Gujarati,09:30,PremierPlus,₹99,258,0
Gujarat,Bhavnagar,MaxusCinemasBhavnagar,Gujarati,09:30,Premium,₹99,42,0
Gujarat,Bhavnagar,MaxusCinemasBhavnagar,Gujarati,09:30,Sofa,₹112,35,0
Gujarat,Bhavnagar,MaxusCinemasBhavnagar,Gujarati,09:30,PremierPlus,₹99,258,0
Gujarat,Bhavnagar,MaxusCinemasBhavnagar,Gujarati,09:30,Premium,₹99,42,0
Gujarat,Bharuch,RkCinemasShreeRangBharuch,Gujarati,09:30,Club,₹110,21,2
Gujarat,Bharuch,RkCinemasShreeRangBharuch,Gujarati,09:30,Gold,₹89,159,0
Gujarat,Bharuch,RkCinemasShreeRangBharuch,Gujarati,09:30,Silver,₹89,57,0
Gujarat,Gandhinagar,ConnplexSignatureGandhinagar,Gujarati,09:30,Miller,₹170,58,2
Gujarat,Gandhinagar,ConnplexSignatureGandhinagar,Gujarati,09:30,CoupleLounger,₹170,10,0
Gujarat,Gandhinagar,BoskyCineplexGandhinagar,Gujarati,09:30,CoupleLounger2Admit,₹300,10,0
Gujarat,Gandhinagar,BoskyCineplexGandhinagar,Gujarati,09:30,Sofa1Admit,₹150,12,0
Gujarat,Surat,RajhansMultiplexMotaVarachhaARMallSurat,Gujarati,09:45,RoyalSofa,₹150,78,78
Gujarat,Surat,RajhansMultiplexMotaVarachhaARMallSurat,Gujarati,09:45,Executive,₹110,104,104
Gujarat,Anand,ShaanCinema9ScreenMultiplexAnand,Gujarati,10:00,Recliner,₹350,13,0
Gujarat,Anand,ShaanCinema9ScreenMultiplexAnand,Gujarati,10:00,Sofa,₹150,28,0
Gujarat,Anand,ShaanCinema9ScreenMultiplexAnand,Gujarati,10:00,Platinum,₹100,66,0
Gujarat,Anand,ShaanCinema9ScreenMultiplexAnand,Gujarati,10:00,Gold,₹100,45,0
Gujarat,Surendranagar,ShivMiniplexSurendranagar,Gujarati,10:00,Platinum,₹300,10,0
Gujarat,Surendranagar,ShivMiniplexSurendranagar,Gujarati,10:00,Gold,₹200,22,0
Gujarat,Surendranagar,ShivMiniplexSurendranagar,Gujarati,10:00,Silver,₹100,96,0
Gujarat,Patan,SaneliteCinemasPatan,Gujarati,10:00,FamilyLounger2Admit,₹400,15,0
Gujarat,Patan,SaneliteCinemasPatan,Gujarati,10:00,FamilySofa1Admit,₹200,12,0
Gujarat,Bharuch,RkCinemasBlueChipBharuch,Gujarati,10:00,Gold,₹140,10,2
Gujarat,Bharuch,RkCinemasBlueChipBharuch,Gujarati,10:00,Ex,₹89,66,0
Gujarat,Bharuch,RkCinemasBlueChipBharuch,Gujarati,10:00,Silver,₹89,180,2
Gujarat,Gandhinagar,RWorldR21CinemaGandhinagar,Gujarati,10:00,Go,₹99,88,12
Gujarat,Gandhinagar,RWorldR21CinemaGandhinagar,Gujarati,10:00,Pl,₹99,13,12
Gujarat,Gandhinagar,RWorldR21CinemaGandhinagar,Gujarati,10:00,Si,₹99,28,0
Gujarat,Gandhinagar,ClassicCinemaKudasanGandhinagar,Gujarati,10:10,CoupleSeat2Admit,₹500,29,2
Gujarat,Surat,CineverseCinemaKatargamSurat,Gujarati,10:30,Sofa,₹150,81,15
Gujarat,Surat,CineverseCinemaKatargamSurat,Gujarati,10:30,Lounger,₹150,9,0
Gujarat,Rajkot,MovieTimeCrystalMall,Gujarati,10:30,Gold,₹150,228,34
Gujarat,Rajkot,MovieTimeCrystalMall,Gujarati,10:30,Recliner,₹300,16,2
Gujarat,Ahmedabad,DeviMultiplexNaroda,Gujarati,10:30,Platinum,₹110,40,0
Gujarat,Ahmedabad,DeviMultiplexNaroda,Gujarati,10:30,Gold,₹110,112,0
Gujarat,Vadodara,InoxSevenSeasMallFatehgunj,Gujarati,10:35,Gold,₹220,12,1
Gujarat,Vadodara,InoxSevenSeasMallFatehgunj,Gujarati,10:35,Silver,₹130,84,16
Gujarat,Vadodara,InoxSevenSeasMallFatehgunj,Gujarati,10:35,Executive,₹110,40,2
Gujarat,Vadodara,InoxSevenSeasMallFatehgunj,Gujarati,10:35,Premiere,₹110,100,6
Gujarat,Anand,ShaanCinema9ScreenMultiplexAnand,Gujarati,11:15,Recliner,₹350,13,0
Gujarat,Anand,ShaanCinema9ScreenMultiplexAnand,Gujarati,11:15,Sofa,₹150,28,2
Gujarat,Anand,ShaanCinema9ScreenMultiplexAnand,Gujarati,11:15,Platinum,₹100,66,0
Gujarat,Anand,ShaanCinema9ScreenMultiplexAnand,Gujarati,11:15,Gold,₹100,45,0
Gujarat,Surat,RajhansCinemasRajmahalAcMallSitanagarSurat,Gujarati,11:30,Platinum,₹130,52,0
Gujarat,Surat,RajhansCinemasRajmahalAcMallSitanagarSurat,Gujarati,11:30,Executive,₹130,144,24
Gujarat,Surat,RajhansCinemasRajmahalAcMallSitanagarSurat,Gujarati,11:30,Royal,₹110,72,0
Gujarat,Surat,RajhansCinemasRajmahalAcMallSitanagarSurat,Gujarati,11:30,Marvel,₹110,48,0
Gujarat,Vadodara,CinemarcAkotaVadodara,Gujarati,11:30,Silver,₹80,87,10
Gujarat,Vadodara,CinemarcAkotaVadodara,Gujarati,11:30,Premier,₹80,12,0
Gujarat,Vadodara,CinemarcAkotaVadodara,Gujarati,11:30,Sofa,₹90,26,8
Gujarat,Surat,ValentineMultiplexDolbyAtmosSurat,Gujarati,11:30,Executive,₹130,136,26
Gujarat,Surat,ValentineMultiplexDolbyAtmosSurat,Gujarati,11:30,Royal,₹110,105,0
Gujarat,Ahmedabad,MuktaA2CinemasTheRetailParkTrpBopal,Gujarati,11:30,1For2Admits,₹400,18,4
Gujarat,Surat,InoxVrMallSurat,Gujarati,11:35,RoyalRecliner,₹250,18,1
Gujarat,Surat,InoxVrMallSurat,Gujarati,11:35,Royal,₹160,60,10
Gujarat,Surat,InoxVrMallSurat,Gujarati,11:35,Club,₹140,122,4
Gujarat,Surat,InoxVrMallSurat,Gujarati,11:35,Executive,₹140,34,0
Gujarat,Ahmedabad,MuktaA2CinemasChandkheda,Gujarati,11:35,PremiumSofa,₹130,16,0
Gujarat,Ahmedabad,MuktaA2CinemasChandkheda,Gujarati,11:35,PremiumExecutive,₹110,70,0
Gujarat,Anand,ShaanCinema9ScreenMultiplexAnand,Gujarati,11:45,VipBed,₹150,67,0
Gujarat,Surat,RajhansCinemasMtcMallVelanjaSurat,Gujarati,11:45,Platinum,₹110,25,0
Gujarat,Surat,RajhansCinemasMtcMallVelanjaSurat,Gujarati,11:45,Executive,₹110,108,16
Gujarat,Surat,RajhansCinemasMtcMallVelanjaSurat,Gujarati,11:45,Royal,₹110,48,0
Gujarat,Surat,RajhansCinemasMtcMallVelanjaSurat,Gujarati,11:45,Marvel,₹100,32,0
Gujarat,Surat,RajhansCinemasMtcMallVelanjaSurat,Gujarati,11:45,Platinum,₹140,25,2
Gujarat,Surat,RajhansCinemasMtcMallVelanjaSurat,Gujarati,11:45,Executive,₹130,108,16
Gujarat,Surat,RajhansCinemasMtcMallVelanjaSurat,Gujarati,11:45,Royal,₹110,48,0
Gujarat,Surat,RajhansCinemasMtcMallVelanjaSurat,Gujarati,11:45,Marvel,₹100,32,0
Gujarat,Surat,RoongtaCinemasShyamMandirVesuSurat,Gujarati,11:45,CoupleSeat,₹220,54,10
Gujarat,Surat,RoongtaCinemasShyamMandirVesuSurat,Gujarati,11:45,Lounger,₹190,8,0
Gujarat,Ahmedabad,CityGoldBopal,Gujarati,11:45,Executive,₹150,115,28
Gujarat,Ahmedabad,WideAngleAhmedabad,Gujarati,11:45,Silver,₹150,76,0
Gujarat,Ahmedabad,WideAngleAhmedabad,Gujarati,11:45,Gold,₹150,104,4
Gujarat,Surat,AppleCinemaJahangirpuraSurat,Gujarati,11:50,Platinum,₹130,101,10
Gujarat,Morbi,Cine36CineplexMorbi,Gujarati,11:50,Box,₹400,40,0
Gujarat,Morbi,Cine36CineplexMorbi,Gujarati,11:50,Platinum,₹500,38,0
Gujarat,Morbi,Cine36CineplexMorbi,Gujarati,11:50,Gold,₹300,63,0
Gujarat,Morbi,Cine36CineplexMorbi,Gujarati,11:50,Silver,₹200,121,0
Gujarat,Surat,InoxRelianceMallSurat,Gujarati,11:55,RoyalRecliner,₹210,12,4
Gujarat,Surat,InoxRelianceMallSurat,Gujarati,11:55,Club,₹140,55,0
Gujarat,Surat,InoxRelianceMallSurat,Gujarati,11:55,Executive,₹140,16,0
Gujarat,Surat,InoxRelianceMallSurat,Gujarati,11:55,Royal,₹140,42,4
Gujarat,Deesa,RMandirMultiplexDeesaGujarat,Gujarati,12:00,FirstClass,₹150,136,0
Gujarat,Deesa,RMandirMultiplexDeesaGujarat,Gujarati,12:00,SecondClass,₹150,60,0
Gujarat,Mehsana,WideAngleMehsana,Gujarati,12:00,Platinum,₹200,206,3
Gujarat,Mehsana,WideAngleMehsana,Gujarati,12:00,Club,₹250,16,2
Gujarat,Ahmedabad,NyCinemasAhmedabad,Gujarati,12:00,Recliner,₹250,15,4
Gujarat,Ahmedabad,NyCinemasAhmedabad,Gujarati,12:00,Comforts,₹170,26,13
Gujarat,Ahmedabad,NyCinemasAhmedabad,Gujarati,12:00,Prime,₹150,126,4
Gujarat,Ahmedabad,NyCinemasAhmedabad,Gujarati,12:00,Classic,₹150,34,0
Gujarat,Mehsana,SaneliteCinemasDMartCircleMehsana,Gujarati,12:00,CoupleLounger2Admit,₹500,12,1
Gujarat,Mehsana,SaneliteCinemasDMartCircleMehsana,Gujarati,12:00,ReclienerSofa,₹250,8,0
Gujarat,Gandhinagar,ClassicCinemaKudasanGandhinagar,Gujarati,12:00,CoupleSeat2Admit,₹500,29,4
Gujarat,Anand,InfinityCinemasAnand,Gujarati,12:15,Recliner,₹250,19,0
Gujarat,Anand,InfinityCinemasAnand,Gujarati,12:15,Platinum,₹150,50,0
Gujarat,Anand,InfinityCinemasAnand,Gujarati,12:15,Gold,₹150,60,0
Gujarat,Anand,ShaanCinema9ScreenMultiplexAnand,Gujarati,12:15,VvipRecliner,₹350,25,0
Gujarat,Anand,ShaanCinema9ScreenMultiplexAnand,Gujarati,12:15,PrimeSofa,₹150,75,0
Gujarat,Anand,ShaanCinema9ScreenMultiplexAnand,Gujarati,12:15,Lounger,₹150,12,0
Gujarat,Surat,TheFridayCinemaMotaVaracchaSurat,Gujarati,12:15,Recliner,₹290,9,0
Gujarat,Surat,TheFridayCinemaMotaVaracchaSurat,Gujarati,12:15,PushBackSeat,₹170,63,0
Gujarat,Surat,TheFridayCinemaMotaVaracchaSurat,Gujarati,12:15,Lounger,₹170,11,0
Gujarat,Surat,CinezzaMultiplexSurat,Gujarati,12:15,RoyalSofa,₹180,24,2
Gujarat,Surat,CinezzaMultiplexSurat,Gujarati,12:15,Executive,₹140,256,3
Gujarat,Mehsana,ConnplexSmartTheatreDMartCircleMehsana,Gujarati,12:20,MillerPlus,₹250,46,9
Gujarat,Mehsana,ConnplexSmartTheatreDMartCircleMehsana,Gujarati,12:20,Miller,₹220,21,2
Gujarat,Mehsana,ConnplexSmartTheatreDMartCircleMehsana,Gujarati,12:20,Lounger,₹200,10,2
Gujarat,Surat,RajhansMultiplexAdajanSurat,Gujarati,12:20,Box,₹200,6,3
Gujarat,Surat,RajhansMultiplexAdajanSurat,Gujarati,12:20,Executive,₹140,292,4
Gujarat,Ahmedabad,RajhansCinemasVastral,Gujarati,12:25,Recliner,₹300,17,12
Gujarat,Ahmedabad,RajhansCinemasVastral,Gujarati,12:25,Executive,₹150,104,11
Gujarat,Ahmedabad,RajhansCinemasVastral,Gujarati,12:25,Royal,₹150,40,0
Gujarat,Ahmedabad,RajhansCinemasVastral,Gujarati,12:25,Marvel,₹150,32,0
Gujarat,Bhavnagar,MaxusCinemasBhavnagar,Gujarati,12:30,Sofa,₹149,35,0
Gujarat,Bhavnagar,MaxusCinemasBhavnagar,Gujarati,12:30,PremierPlus,₹112,258,0
Gujarat,Bhavnagar,MaxusCinemasBhavnagar,Gujarati,12:30,Premium,₹112,42,0
Gujarat,Petlad,FlamingoCinemasPetlad,Gujarati,12:30,Recliner,₹350,10,0
Gujarat,Petlad,FlamingoCinemasPetlad,Gujarati,12:30,Executive,₹130,84,0
Gujarat,Petlad,FlamingoCinemasPetlad,Gujarati,12:30,Royal,₹99,28,0
Gujarat,Kadi,CityGoldKadi,Gujarati,12:30,Box,₹110,10,0
Gujarat,Kadi,CityGoldKadi,Gujarati,12:30,Gold,₹100,140,0
Gujarat,Kadi,CityGoldKadi,Gujarati,12:30,Silver,₹100,34,0
Gujarat,Ahmedabad,RevolutionMultiplexCtmAhmedabad,Gujarati,12:30,RoyalSofa,₹230,20,0
Gujarat,Ahmedabad,RevolutionMultiplexCtmAhmedabad,Gujarati,12:30,PlatinumClass,₹170,40,0
Gujarat,Ahmedabad,RevolutionMultiplexCtmAhmedabad,Gujarati,12:30,GoldenClass,₹150,40,0
Gujarat,Ahmedabad,RevolutionMultiplexCtmAhmedabad,Gujarati,12:30,SilverClass,₹130,25,0
Gujarat,Himmatnagar,NewStarCityMultiplexHimmatnagar,Gujarati,12:30,Platinum,₹200,26,26
Gujarat,Himmatnagar,NewStarCityMultiplexHimmatnagar,Gujarati,12:30,Gold,₹150,182,42
Gujarat,Himmatnagar,NewStarCityMultiplexHimmatnagar,Gujarati,12:30,Silver,₹100,60,20
Gujarat,Surat,AppleCinemaJahangirpuraSurat,Gujarati,12:30,Platinum,₹140,94,0
Gujarat,Bhavnagar,MaxusCinemasBhavnagar,Gujarati,12:30,Sofa,₹149,35,0
Gujarat,Bhavnagar,MaxusCinemasBhavnagar,Gujarati,12:30,PremierPlus,₹112,258,0
Gujarat,Bhavnagar,MaxusCinemasBhavnagar,Gujarati,12:30,Premium,₹112,42,0
Gujarat,Vapi,RajhansCinemasRSquareMallVapi,Gujarati,12:30,Recliner,₹300,15,2
Gujarat,Vapi,RajhansCinemasRSquareMallVapi,Gujarati,12:30,Executive,₹180,117,33
Gujarat,Vapi,RajhansCinemasRSquareMallVapi,Gujarati,12:30,Royal,₹160,30,0
Gujarat,Vapi,RajhansCinemasRSquareMallVapi,Gujarati,12:30,Lounger,₹180,12,0
Gujarat,Surat,RajhansCinemasRajhansFlamingoKatargamSurat,Gujarati,12:30,Recliner,₹310,18,0
Gujarat,Surat,RajhansCinemasRajhansFlamingoKatargamSurat,Gujarati,12:30,Executive,₹190,137,17
Gujarat,Surat,RajhansCinemasRajhansFlamingoKatargamSurat,Gujarati,12:30,Royal,₹170,51,0
Gujarat,Surat,RajhansCinemasRajhansFlamingoKatargamSurat,Gujarati,12:30,Marvel,₹160,34,0
Gujarat,Anand,AjayDevgnSNyCinemasGalleriaMallAnand,Gujarati,12:30,Recliner,₹250,36,0
Gujarat,Anand,AjayDevgnSNyCinemasGalleriaMallAnand,Gujarati,12:30,Prime,₹140,150,0
Gujarat,Anand,AjayDevgnSNyCinemasGalleriaMallAnand,Gujarati,12:30,Classic,₹140,45,0
Gujarat,Mahuva,CineArcMultiplexMahuva,Gujarati,12:30,Gold,₹150,65,8
Gujarat,Mahuva,CineArcMultiplexMahuva,Gujarati,12:30,Silver,₹130,170,9
Gujarat,Ahmedabad,MuktaA2ShivCinemaAhmedabad,Gujarati,12:30,Premium,₹150,64,15
Gujarat,Petlad,FlamingoCinemasPetlad,Gujarati,12:30,Recliner,₹350,10,0
Gujarat,Petlad,FlamingoCinemasPetlad,Gujarati,12:30,Executive,₹130,84,0
Gujarat,Petlad,FlamingoCinemasPetlad,Gujarati,12:30,Royal,₹99,28,0
Gujarat,Ahmedabad,CinepolisKankubagVastralAhmedabad,Gujarati,12:35,Normal,₹130,38,5
Gujarat,Ahmedabad,CinepolisKankubagVastralAhmedabad,Gujarati,12:35,Executive,₹150,104,3
Gujarat,Ahmedabad,CinepolisKankubagVastralAhmedabad,Gujarati,12:35,Premium,₹170,92,0
Gujarat,Ahmedabad,CinepolisKankubagVastralAhmedabad,Gujarati,12:35,Vip,₹300,14,2
Gujarat,Vadodara,MovietimeSSquareMallSubhanpuraVadodara,Gujarati,12:35,Recliner,₹200,8,2
Gujarat,Vadodara,MovietimeSSquareMallSubhanpuraVadodara,Gujarati,12:35,Premium,₹100,120,7
Gujarat,Vadodara,MovietimeSSquareMallSubhanpuraVadodara,Gujarati,12:35,Executive,₹100,48,0
Gujarat,Anand,InoxAnandCityPulseMall,Gujarati,12:40,Gold,₹130,52,10
Gujarat,Rajkot,CinepolisVandanaRajkot,Gujarati,12:40,Normal,₹170,32,0
Gujarat,Rajkot,CinepolisVandanaRajkot,Gujarati,12:40,Premium,₹170,79,10
Gujarat,Rajkot,CinepolisVandanaRajkot,Gujarati,12:40,Executive,₹170,84,0
Gujarat,Rajkot,CosmoplexMultiplexRajkot,Gujarati,12:40,Crew,₹150,244,0
Gujarat,Rajkot,CosmoplexMultiplexRajkot,Gujarati,12:40,Captain,₹180,174,7
Gujarat,Rajkot,CosmoplexMultiplexRajkot,Gujarati,12:40,Club,₹300,28,9
Gujarat,Morbi,SkyMultiplexMorbi,Gujarati,12:40,Executive,₹300,99,0
Gujarat,Morbi,SkyMultiplexMorbi,Gujarati,12:40,Gold,₹200,88,0
Gujarat,Dhrangadhra,ConnplexSmartTheatreDhrangadhraSirJadejaFmf,Gujarati,12:45,Lounger,₹300,13,0
Gujarat,Dhrangadhra,ConnplexSmartTheatreDhrangadhraSirJadejaFmf,Gujarati,12:45,Miller,₹200,70,0
Gujarat,Dhrangadhra,ConnplexSmartTheatreDhrangadhraSirJadejaFmf,Gujarati,12:45,Gold,₹200,72,0
Gujarat,Anand,RAndSCinemasAnand,Gujarati,12:45,RedLounge,₹340,26,0
Gujarat,Anand,RAndSCinemasAnand,Gujarati,12:45,Platinum,₹99,133,0
Gujarat,Anand,RAndSCinemasAnand,Gujarati,12:45,Gold,₹99,48,0
Gujarat,Jamnagar,MehulCinemaxJamnagar,Gujarati,12:45,Pl,₹300,4,4
Gujarat,Jamnagar,MehulCinemaxJamnagar,Gujarati,12:45,Gl,₹150,269,66
Gujarat,Jamnagar,MehulCinemaxJamnagar,Gujarati,12:45,Sl,₹150,80,0
Gujarat,Vadodara,CinemarcNewVipRoad,Gujarati,12:50,Gold,₹100,20,6
Gujarat,Vadodara,CinemarcNewVipRoad,Gujarati,12:50,Silver,₹100,87,0
Gujarat,Vadodara,CinemarcNewVipRoad,Gujarati,12:50,Premium,₹100,13,0
Gujarat,Vadodara,CinemarcNewVipRoad,Gujarati,12:50,Sofa,₹120,19,4
Gujarat,Vadodara,PvrTransCubeVadodara,Gujarati,12:55,Recliner,₹310,8,0
Gujarat,Vadodara,PvrTransCubeVadodara,Gujarati,12:55,Classic,₹160,42,0
Gujarat,Vadodara,PvrTransCubeVadodara,Gujarati,12:55,Prime,₹160,99,14
Gujarat,Surendranagar,ShivMiniplexSurendranagar,Gujarati,13:00,Platinum,₹300,10,0
Gujarat,Surendranagar,ShivMiniplexSurendranagar,Gujarati,13:00,Gold,₹200,22,0
Gujarat,Surendranagar,ShivMiniplexSurendranagar,Gujarati,13:00,Silver,₹100,96,0
Gujarat,Patan,SaneliteCinemasPatan,Gujarati,13:00,FamilyLounger2Admit,₹500,15,0
Gujarat,Patan,SaneliteCinemasPatan,Gujarati,13:00,FamilySofa1Admit,₹250,12,0
Gujarat,Bharuch,RkCinemasShreeRangBharuch,Gujarati,13:00,Club,₹110,21,2
Gujarat,Bharuch,RkCinemasShreeRangBharuch,Gujarati,13:00,Gold,₹89,185,7
Gujarat,Bharuch,RkCinemasShreeRangBharuch,Gujarati,13:00,Silver,₹89,84,0
Gujarat,Vadodara,InoxTakshGalaxyMallWaghodia,Gujarati,13:00,Royal,₹160,95,48
Gujarat,Vadodara,InoxTakshGalaxyMallWaghodia,Gujarati,13:00,Club,₹150,36,4
Gujarat,Vadodara,InoxTakshGalaxyMallWaghodia,Gujarati,13:00,Executive,₹150,27,0
Gujarat,Bharuch,RkCinemasBlueChipBharuch,Gujarati,13:00,Gold,₹140,10,4
Gujarat,Bharuch,RkCinemasBlueChipBharuch,Gujarati,13:00,Ex,₹89,66,0
Gujarat,Bharuch,RkCinemasBlueChipBharuch,Gujarati,13:00,Silver,₹89,180,0
Gujarat,Surat,RajhansMultiplexMotaVarachhaARMallSurat,Gujarati,13:00,RoyalSofa,₹190,78,12
Gujarat,Surat,RajhansMultiplexMotaVarachhaARMallSurat,Gujarati,13:00,Executive,₹150,104,35
Gujarat,Anand,ShaanCinema9ScreenMultiplexAnand,Gujarati,13:00,Premium,₹100,142,10
Gujarat,Anand,ShaanCinema9ScreenMultiplexAnand,Gujarati,13:00,Executive,₹100,32,0
Gujarat,Anand,ShaanCinema9ScreenMultiplexAnand,Gujarati,13:15,Recliner,₹350,13,0
Gujarat,Anand,ShaanCinema9ScreenMultiplexAnand,Gujarati,13:15,Sofa,₹250,28,0
Gujarat,Anand,ShaanCinema9ScreenMultiplexAnand,Gujarati,13:15,Platinum,₹140,66,0
Gujarat,Anand,ShaanCinema9ScreenMultiplexAnand,Gujarati,13:15,Gold,₹100,45,0
Gujarat,Bhavnagar,TheEntertainmentParkBhavnagar,Gujarati,13:15,Royal,₹300,22,0
Gujarat,Surendranagar,ShivMiniplexSurendranagar,Gujarati,13:15,Platinum,₹250,11,0
Gujarat,Surendranagar,ShivMiniplexSurendranagar,Gujarati,13:15,Gold,₹200,25,0
Gujarat,Surendranagar,ShivMiniplexSurendranagar,Gujarati,13:15,Silver,₹100,91,11
Gujarat,Bharuch,FunCinemasShilpiMultiplex,Gujarati,13:15,PlatinumRecliner,₹200,15,0
Gujarat,Bharuch,FunCinemasShilpiMultiplex,Gujarati,13:15,Gold,₹100,90,0
Gujarat,Bharuch,FunCinemasShilpiMultiplex,Gujarati,13:15,Silver,₹100,33,0
Gujarat,Anand,RAndSCinemasAnand,Gujarati,13:30,Platinum,₹99,163,3
Gujarat,Anand,RAndSCinemasAnand,Gujarati,13:30,Gold,₹99,80,0
Gujarat,Vadodara,BansalMovieplexTarsaliVadodara,Gujarati,13:35,Recliner,₹200,11,7
Gujarat,Vadodara,BansalMovieplexTarsaliVadodara,Gujarati,13:35,Platinum,₹100,80,26
Gujarat,Vadodara,BansalMovieplexTarsaliVadodara,Gujarati,13:35,Gold,₹100,64,3
Gujarat,Vadodara,BansalMovieplexTarsaliVadodara,Gujarati,13:35,Silver,₹100,16,4
Gujarat,Vadodara,BansalMovieplexGotriVasnaRoadVadodara,Gujarati,13:35,Gold,₹100,110,32
Gujarat,Vadodara,BansalMovieplexGotriVasnaRoadVadodara,Gujarati,13:35,Silver,₹100,17,0
Gujarat,Vadodara,BansalMovieplexGotriVasnaRoadVadodara,Gujarati,13:35,Recliner,₹200,13,4
Gujarat,Surat,CityPlusMultiplexSurat,Gujarati,13:40,GoldStar,₹90,240,0
Gujarat,Surat,CityPlusMultiplexSurat,Gujarati,13:40,Gold,₹110,263,0
Gujarat,Surat,CityPlusMultiplexSurat,Gujarati,13:40,Executive,₹300,22,0
Gujarat,Gandhinagar,RWorldR21CinemaGandhinagar,Gujarati,13:45,Eb,₹150,39,18
Gujarat,Ahmedabad,MangoPlusCinemasNikol,Gujarati,14:00,Recliner,₹350,16,7
Gujarat,Ahmedabad,MangoPlusCinemasNikol,Gujarati,14:00,Sofa,₹150,150,64
Gujarat,Ahmedabad,InoxHimalayaMallDriveInRoadAhmedabad,Gujarati,14:05,Royal,₹150,100,33
Gujarat,Ahmedabad,InoxHimalayaMallDriveInRoadAhmedabad,Gujarati,14:05,Club,₹110,128,32
Gujarat,Ahmedabad,InoxHimalayaMallDriveInRoadAhmedabad,Gujarati,14:05,Executive,₹110,38,0
Gujarat,Ahmedabad,CityGoldAshramRoad,Gujarati,14:15,Executive,₹170,221,63
Gujarat,Vyara,RajhansCinemasTulsiGalleriaMallVyara,Gujarati,14:20,PlatinumSofa,₹160,25,5
Gujarat,Vyara,RajhansCinemasTulsiGalleriaMallVyara,Gujarati,14:20,Executive,₹110,154,19
Gujarat,Vyara,RajhansCinemasTulsiGalleriaMallVyara,Gujarati,14:20,Royal,₹100,55,0
Gujarat,Vyara,RajhansCinemasTulsiGalleriaMallVyara,Gujarati,14:20,Marvel,₹100,35,0
Gujarat,Surat,AppleCinemaJahangirpuraSurat,Gujarati,14:25,Platinum,₹140,101,0
Gujarat,Ahmedabad,PvrMoteraAhmedabad,Gujarati,14:25,Recliner,₹330,23,8
Gujarat,Ahmedabad,PvrMoteraAhmedabad,Gujarati,14:25,Prime,₹180,192,11
Gujarat,Ahmedabad,PvrMoteraAhmedabad,Gujarati,14:25,Classic,₹140,54,9
Gujarat,Anand,ShaanCinema9ScreenMultiplexAnand,Gujarati,14:30,Recliner,₹350,13,0
Gujarat,Anand,ShaanCinema9ScreenMultiplexAnand,Gujarati,14:30,Sofa,₹250,28,0
Gujarat,Anand,ShaanCinema9ScreenMultiplexAnand,Gujarati,14:30,Platinum,₹140,66,0
Gujarat,Anand,ShaanCinema9ScreenMultiplexAnand,Gujarati,14:30,Gold,₹100,45,0
Jharkhand,Ramgarh,EylexCinemasRamgarh,Hindi,14:45,Lounge,₹250,14,0
Jharkhand,Ramgarh,EylexCinemasRamgarh,Hindi,14:45,Club,₹200,21,0
Jharkhand,Ramgarh,EylexCinemasRamgarh,Hindi,14:45,Platinum,₹150,79,0
Jharkhand,Ramgarh,EylexCinemasRamgarh,Hindi,14:45,Gold,₹120,21,0
Gujarat,Kamrej,RajhansCinemasKamrejSurat,Gujarati,14:45,Platinum,₹170,31,8
Gujarat,Kamrej,RajhansCinemasKamrejSurat,Gujarati,14:45,Executive,₹150,87,12
Gujarat,Kamrej,RajhansCinemasKamrejSurat,Gujarati,14:45,Royal,₹130,60,0
Gujarat,Kamrej,RajhansCinemasKamrejSurat,Gujarati,14:45,Marvel,₹110,40,0
Gujarat,Ahmedabad,ConnplexLuxurianceVaishnodevi,Gujarati,14:45,CoupleLounger,₹250,72,28
Gujarat,Nadiad,RajhansCinemasNadiad,Gujarati,14:45,Executive,₹100,166,17
Gujarat,Nadiad,RajhansCinemasNadiad,Gujarati,14:45,Royal,₹100,54,0
Gujarat,Nadiad,RajhansCinemasNadiad,Gujarati,14:45,Marvel,₹100,36,0
Gujarat,Ahmedabad,MuktaA2CinemasRajyashSouthVasnaAhmedabad,Gujarati,14:46,PremiumRecliner,₹180,8,4
Gujarat,Ahmedabad,MuktaA2CinemasRajyashSouthVasnaAhmedabad,Gujarati,14:46,Gold,₹160,87,2
Gujarat,Ahmedabad,MuktaA2CinemasRajyashSouthVasnaAhmedabad,Gujarati,14:46,Silver,₹140,36,3
Chhattisgarh,Raigarh,GrandCinemasRaigarh,Hindi,15:00,Box,₹290,13,0
Chhattisgarh,Raigarh,GrandCinemasRaigarh,Hindi,15:00,PlatinumRecliner,₹290,17,0
Chhattisgarh,Raigarh,GrandCinemasRaigarh,Hindi,15:00,Gold,₹180,146,0
Chhattisgarh,Raigarh,GrandCinemasRaigarh,Hindi,15:00,Silver,₹130,80,0
Gujarat,Vijapur,SuvidhiCineplexVijapur,Gujarati,15:00,Recliner,₹300,9,0
Gujarat,Vijapur,SuvidhiCineplexVijapur,Gujarati,15:00,Platinum,₹200,45,0
Gujarat,Vijapur,SuvidhiCineplexVijapur,Gujarati,15:00,Gold,₹150,65,0
Gujarat,Vijapur,SuvidhiCineplexVijapur,Gujarati,15:00,Silver,₹100,26,0
Gujarat,Deesa,RMandirMultiplexDeesaGujarat,Gujarati,15:00,BoxA,₹300,15,0
Gujarat,Deesa,RMandirMultiplexDeesaGujarat,Gujarati,15:00,BoxB,₹300,15,0
Gujarat,Deesa,RMandirMultiplexDeesaGujarat,Gujarati,15:00,Balcony,₹200,118,0
Gujarat,Deesa,RMandirMultiplexDeesaGujarat,Gujarati,15:00,FirstClass,₹150,120,0
Gujarat,Deesa,RMandirMultiplexDeesaGujarat,Gujarati,15:00,SecondClass,₹150,240,0
Gujarat,Anand,ShaanCinema9ScreenMultiplexAnand,Gujarati,15:00,VipBed,₹350,67,0
Gujarat,Vijapur,SuvidhiCineplexVijapur,Gujarati,15:00,Recliner,₹300,9,0
Gujarat,Vijapur,SuvidhiCineplexVijapur,Gujarati,15:00,Platinum,₹200,45,0
Gujarat,Vijapur,SuvidhiCineplexVijapur,Gujarati,15:00,Gold,₹150,65,0
Gujarat,Vijapur,SuvidhiCineplexVijapur,Gujarati,15:00,Silver,₹100,26,0
Gujarat,Ahmedabad,RajhansCinemasNikol,Gujarati,15:00,Executive,₹180,140,29
Gujarat,Ahmedabad,RajhansCinemasNikol,Gujarati,15:00,Royal,₹160,73,0
Gujarat,Ahmedabad,RajhansCinemasNikol,Gujarati,15:00,Marvel,₹140,26,2
Gujarat,Ahmedabad,RajhansCinemasNikol,Gujarati,15:00,Box,₹180,12,12
Gujarat,Surat,RajImperialInoxVarachhaRoadSurat,Gujarati,15:00,Imperial,₹360,15,5
Gujarat,Surat,RajImperialInoxVarachhaRoadSurat,Gujarati,15:00,Platinum,₹190,54,12
Gujarat,Surat,RajImperialInoxVarachhaRoadSurat,Gujarati,15:00,Gold,₹150,121,23
Gujarat,Surat,RajImperialInoxVarachhaRoadSurat,Gujarati,15:00,Silver,₹140,30,0
Gujarat,Ahmedabad,WideAngleAhmedabad,Gujarati,15:00,Silver,₹200,76,0
Gujarat,Ahmedabad,WideAngleAhmedabad,Gujarati,15:00,Gold,₹200,104,8
Gujarat,Vapi,AnantCinemaVapi,Gujarati,15:00,PremiumSofa,₹200,38,8
Gujarat,Vapi,AnantCinemaVapi,Gujarati,15:00,RoyalLounger,₹200,10,0
Gujarat,Vapi,AnantCinemaVapi,Gujarati,15:00,ExecutiveSofa,₹180,28,0
Gujarat,Dahegam,FunCinemasRushilCinemaDahegam,Hindi,15:15,Silver,₹110,198,0
Gujarat,Ahmedabad,CityGoldMotera,Gujarati,15:15,Audi2,₹100,364,0
Gujarat,Mehsana,WideAngleMehsana,Gujarati,15:15,Platinum,₹200,206,20
Gujarat,Mehsana,WideAngleMehsana,Gujarati,15:15,Club,₹250,16,0
Gujarat,Kadi,CityGoldKadi,Gujarati,15:15,Box,₹110,18,0
Gujarat,Kadi,CityGoldKadi,Gujarati,15:15,Gold,₹100,137,3
Gujarat,Kadi,CityGoldKadi,Gujarati,15:15,Silver,₹100,32,0
Gujarat,Surat,MirajCinemasKsbOlympiaSurat,Gujarati,15:15,Executive,₹150,44,0
Gujarat,Surat,MirajCinemasKsbOlympiaSurat,Gujarati,15:15,Gold,₹150,72,0
Gujarat,Ahmedabad,MirajCityPulseAhmedabad,Gujarati,15:15,Gold,₹150,56,29
Gujarat,Ahmedabad,MuktaA2CinemasTheRetailParkTrpBopal,Gujarati,15:16,PremiumSofa,₹170,58,18
Gujarat,Mehsana,ConnplexSmartTheatreDMartCircleMehsana,Gujarati,15:20,MillerPlus,₹250,46,8
Gujarat,Mehsana,ConnplexSmartTheatreDMartCircleMehsana,Gujarati,15:20,Miller,₹220,21,0
Gujarat,Mehsana,ConnplexSmartTheatreDMartCircleMehsana,Gujarati,15:20,Lounger,₹200,10,0
Gujarat,Panchmahal,FunCinemasCinemaCityMultiplexKalol,Gujarati,15:25,City,₹130,125,0
Gujarat,Vadodara,CinepolisInorbitVadodaraMall,Gujarati,15:25,Normal,₹160,24,0
Gujarat,Vadodara,CinepolisInorbitVadodaraMall,Gujarati,15:25,Premium,₹180,38,14
Gujarat,Vadodara,CinepolisInorbitVadodaraMall,Gujarati,15:25,Executive,₹180,96,18
Gujarat,Ahmedabad,CinepolisNexusAhmedabadOne,Gujarati,15:25,Normal,₹190,30,6
Gujarat,Ahmedabad,CinepolisNexusAhmedabadOne,Gujarati,15:25,Executive,₹230,64,26
Gujarat,Ahmedabad,CinepolisNexusAhmedabadOne,Gujarati,15:25,Premium,₹270,52,34
Gujarat,Panchmahal,FunCinemasCinemaCityMultiplexKalol,Gujarati,15:25,Town,₹130,97,0
Gujarat,Bhavnagar,MaxusCinemasBhavnagar,Gujarati,15:30,Sofa,₹179,35,0
Gujarat,Bhavnagar,MaxusCinemasBhavnagar,Gujarati,15:30,PremierPlus,₹129,258,0
Gujarat,Bhavnagar,MaxusCinemasBhavnagar,Gujarati,15:30,Premium,₹129,42,0
Gujarat,Petlad,FlamingoCinemasPetlad,Gujarati,15:30,Recliner,₹350,10,0
Gujarat,Petlad,FlamingoCinemasPetlad,Gujarati,15:30,Executive,₹130,84,0
Gujarat,Petlad,FlamingoCinemasPetlad,Gujarati,15:30,Royal,₹99,28,0
Gujarat,Ahmedabad,RevolutionMultiplexCtmAhmedabad,Gujarati,15:30,RoyalSofa,₹230,24,0
Gujarat,Ahmedabad,RevolutionMultiplexCtmAhmedabad,Gujarati,15:30,PlatinumClass,₹170,26,0
Gujarat,Ahmedabad,RevolutionMultiplexCtmAhmedabad,Gujarati,15:30,GoldenClass,₹150,30,0
Gujarat,Ahmedabad,RevolutionMultiplexCtmAhmedabad,Gujarati,15:30,SilverClass,₹130,18,0
Gujarat,Anand,ShaanCinema9ScreenMultiplexAnand,Gujarati,15:30,VvipRecliner,₹350,25,0
Gujarat,Anand,ShaanCinema9ScreenMultiplexAnand,Gujarati,15:30,PrimeSofa,₹150,75,0
Gujarat,Anand,ShaanCinema9ScreenMultiplexAnand,Gujarati,15:30,Lounger,₹150,12,0
Gujarat,Vapi,GunjanGeetCinemaVapi,Gujarati,15:30,Platinum,₹220,172,0
Gujarat,Vapi,GunjanGeetCinemaVapi,Gujarati,15:30,Gold,₹200,112,0
Gujarat,Vapi,GunjanGeetCinemaVapi,Gujarati,15:30,Silver,₹180,116,0
Gujarat,Bhavnagar,MaxusCinemasBhavnagar,Gujarati,15:30,Sofa,₹179,35,0
Gujarat,Bhavnagar,MaxusCinemasBhavnagar,Gujarati,15:30,PremierPlus,₹129,258,0
Gujarat,Bhavnagar,MaxusCinemasBhavnagar,Gujarati,15:30,Premium,₹129,42,0
Gujarat,Gandhidham,RajhansCinemasGandhidham,Gujarati,15:30,Recliner,₹350,28,5
Gujarat,Gandhidham,RajhansCinemasGandhidham,Gujarati,15:30,Executive,₹180,98,22
Gujarat,Gandhidham,RajhansCinemasGandhidham,Gujarati,15:30,Royal,₹160,51,0
Gujarat,Gandhidham,RajhansCinemasGandhidham,Gujarati,15:30,Marvel,₹140,17,0
Gujarat,Surat,RajhansCinemasVesuSurat,Hindi,15:30,Recliner,₹300,14,14
Gujarat,Surat,RajhansCinemasVesuSurat,Hindi,15:30,Executive,₹170,85,85
Gujarat,Surat,RajhansCinemasVesuSurat,Hindi,15:30,Royal,₹150,42,42
Gujarat,Surat,RajhansCinemasVesuSurat,Hindi,15:30,Marvel,₹130,28,28
Gujarat,Mahuva,CineArcMultiplexMahuva,Gujarati,15:30,Gold,₹150,65,14
Gujarat,Mahuva,CineArcMultiplexMahuva,Gujarati,15:30,Silver,₹130,170,16
Gujarat,Surat,RajhansCinemasVesuSurat,Gujarati,15:30,Recliner,₹300,14,7
Gujarat,Surat,RajhansCinemasVesuSurat,Gujarati,15:30,Executive,₹170,85,17
Gujarat,Surat,RajhansCinemasVesuSurat,Gujarati,15:30,Royal,₹150,42,0
Gujarat,Surat,RajhansCinemasVesuSurat,Gujarati,15:30,Marvel,₹130,28,0
Gujarat,Surat,PvrRahulRajSurat,Gujarati,15:35,Recliner,₹330,24,11
Gujarat,Surat,PvrRahulRajSurat,Gujarati,15:35,Prime,₹180,87,25
Gujarat,Surat,PvrRahulRajSurat,Gujarati,15:35,ClassicPlus,₹160,30,0
Gujarat,Surat,PvrRahulRajSurat,Gujarati,15:35,Classic,₹150,30,0
Gujarat,Nadiad,InoxOpalOneMallNadiad,Gujarati,15:35,RoyalRecliners,₹180,15,6
Gujarat,Nadiad,InoxOpalOneMallNadiad,Gujarati,15:35,Club,₹140,51,2
Gujarat,Nadiad,InoxOpalOneMallNadiad,Gujarati,15:35,Royal,₹140,34,9
Gujarat,Nadiad,InoxOpalOneMallNadiad,Gujarati,15:35,Executive,₹130,34,0
Gujarat,Ahmedabad,RajhansCinemasVastral,Gujarati,15:35,Recliner,₹300,17,0
Gujarat,Ahmedabad,RajhansCinemasVastral,Gujarati,15:35,Executive,₹150,104,17
Gujarat,Ahmedabad,RajhansCinemasVastral,Gujarati,15:35,Royal,₹150,40,0
Gujarat,Ahmedabad,RajhansCinemasVastral,Gujarati,15:35,Marvel,₹150,32,0
Gujarat,Anjar,FunCinemasModernCineplexAnjar,Gujarati,15:40,Platinum,₹250,13,0
Gujarat,Anjar,FunCinemasModernCineplexAnjar,Gujarati,15:40,Gold,₹150,56,8
Gujarat,Anjar,FunCinemasModernCineplexAnjar,Gujarati,15:40,Silver,₹130,48,0
Gujarat,Anand,InfinityCinemasAnand,Gujarati,15:45,Recliner,₹250,19,0
Gujarat,Anand,InfinityCinemasAnand,Gujarati,15:45,Platinum,₹150,50,0
Gujarat,Anand,InfinityCinemasAnand,Gujarati,15:45,Gold,₹150,60,0
Gujarat,Anand,RAndSCinemasAnand,Gujarati,15:45,RedLounge,₹340,26,0
Gujarat,Anand,RAndSCinemasAnand,Gujarati,15:45,Platinum,₹99,133,0
Gujarat,Anand,RAndSCinemasAnand,Gujarati,15:45,Gold,₹99,48,0
Gujarat,Surendranagar,ShivMiniplexSurendranagar,Gujarati,15:45,Platinum,₹300,11,0
Gujarat,Surendranagar,ShivMiniplexSurendranagar,Gujarati,15:45,Gold,₹200,25,0
Gujarat,Surendranagar,ShivMiniplexSurendranagar,Gujarati,15:45,Silver,₹100,91,0
Gujarat,Surat,AppleCinemaJahangirpuraSurat,Gujarati,15:45,Platinum,₹140,94,0
Gujarat,Gandhinagar,ConnplexSignatureGandhinagar,Gujarati,15:45,Miller,₹250,58,2
Gujarat,Gandhinagar,ConnplexSignatureGandhinagar,Gujarati,15:45,CoupleLounger,₹250,10,0
Gujarat,Surat,RajhansCinemasRajhansFlamingoKatargamSurat,Gujarati,15:45,Recliner,₹450,18,0
Gujarat,Surat,RajhansCinemasRajhansFlamingoKatargamSurat,Gujarati,15:45,Executive,₹250,137,32
Gujarat,Surat,RajhansCinemasRajhansFlamingoKatargamSurat,Gujarati,15:45,Royal,₹230,51,0
Gujarat,Surat,RajhansCinemasRajhansFlamingoKatargamSurat,Gujarati,15:45,Marvel,₹210,34,0
Gujarat,Anand,AjayDevgnSNyCinemasGalleriaMallAnand,Gujarati,15:45,Recliner,₹250,36,0
Gujarat,Anand,AjayDevgnSNyCinemasGalleriaMallAnand,Gujarati,15:45,Prime,₹140,150,2
Gujarat,Anand,AjayDevgnSNyCinemasGalleriaMallAnand,Gujarati,15:45,Classic,₹140,45,0
Gujarat,Ahmedabad,MirajCinemasCinePrideKrishnaNagar,Gujarati,15:45,Gold,₹160,25,0
Gujarat,Ahmedabad,MirajCinemasCinePrideKrishnaNagar,Gujarati,15:45,Platinum,₹160,98,8
Gujarat,Surat,InoxVrMallSurat,Gujarati,16:00,RoyalRecliner,₹360,18,13
Gujarat,Surat,InoxVrMallSurat,Gujarati,16:00,Royal,₹190,60,12
Gujarat,Surat,InoxVrMallSurat,Gujarati,16:00,Club,₹170,122,0
Gujarat,Surat,InoxVrMallSurat,Gujarati,16:00,Executive,₹160,34,0
Gujarat,Vadodara,CinemarcAkotaVadodara,Gujarati,16:00,Silver,₹100,72,3
Gujarat,Vadodara,CinemarcAkotaVadodara,Gujarati,16:00,Premier,₹100,15,0
Gujarat,Vadodara,CinemarcAkotaVadodara,Gujarati,16:00,Sofa,₹120,38,0
Gujarat,Vadodara,CinemarcNewVipRoad,Gujarati,16:00,Gold,₹100,20,2
Gujarat,Vadodara,CinemarcNewVipRoad,Gujarati,16:00,Silver,₹100,87,2
Gujarat,Vadodara,CinemarcNewVipRoad,Gujarati,16:00,Premium,₹100,13,0
Gujarat,Vadodara,CinemarcNewVipRoad,Gujarati,16:00,Sofa,₹120,19,15
Gujarat,Gandhinagar,RWorldR21CinemaGandhinagar,Gujarati,16:00,Pl,₹150,13,6
Gujarat,Gandhinagar,RWorldR21CinemaGandhinagar,Gujarati,16:00,Go,₹130,88,0
Gujarat,Gandhinagar,RWorldR21CinemaGandhinagar,Gujarati,16:00,Si,₹110,28,0
Gujarat,Jamnagar,InoxCrystalMallJamnagar,Gujarati,16:05,Royal,₹200,44,7
Gujarat,Jamnagar,InoxCrystalMallJamnagar,Gujarati,16:05,Club,₹180,112,1
Gujarat,Jamnagar,InoxCrystalMallJamnagar,Gujarati,16:05,Executive,₹150,20,0
Gujarat,Surat,CinepolisImperialSquareMallSurat,Gujarati,16:05,Normal,₹160,29,0
Gujarat,Surat,CinepolisImperialSquareMallSurat,Gujarati,16:05,Executive,₹160,102,2
Gujarat,Surat,CinepolisImperialSquareMallSurat,Gujarati,16:05,Premium,₹180,42,8
Gujarat,Gandhinagar,ClassicCinemaKudasanGandhinagar,Gujarati,16:05,CoupleSeat2Admit,₹550,29,0
Gujarat,Surat,RajhansMultiplexMotaVarachhaARMallSurat,Gujarati,16:10,RoyalSofa,₹190,78,1
Gujarat,Surat,RajhansMultiplexMotaVarachhaARMallSurat,Gujarati,16:10,Executive,₹150,104,12
Gujarat,Surat,AppleCinemaJahangirpuraSurat,Gujarati,16:10,CoupleLounger,₹500,10,0
Gujarat,Surat,AppleCinemaJahangirpuraSurat,Gujarati,16:10,Recliner,₹300,20,0
Gujarat,Surendranagar,NyCinemas1MilleniumPlazaSurendranagar,Gujarati,16:15,Recliner,₹300,12,0
Gujarat,Surendranagar,NyCinemas1MilleniumPlazaSurendranagar,Gujarati,16:15,Gold,₹200,109,4
Gujarat,Surendranagar,NyCinemas1MilleniumPlazaSurendranagar,Gujarati,16:15,Silver,₹180,52,0
Gujarat,Surat,InoxDrWorldSurat,Gujarati,16:15,Club,₹150,55,5
Gujarat,Surat,InoxDrWorldSurat,Gujarati,16:15,Royal,₹150,28,6
Gujarat,Surat,InoxDrWorldSurat,Gujarati,16:15,Executive,₹130,11,0
Gujarat,Rajkot,MovieTimeCrystalMall,Gujarati,16:15,Gold,₹150,256,80
Gujarat,Rajkot,MovieTimeCrystalMall,Gujarati,16:15,Recliner,₹300,18,16
Gujarat,Navsari,MuktaA2CinemasGiriraj,Gujarati,16:15,PremiumRecliner,₹210,10,3
Gujarat,Navsari,MuktaA2CinemasGiriraj,Gujarati,16:15,Loungers,₹190,7,0
Gujarat,Navsari,MuktaA2CinemasGiriraj,Gujarati,16:15,PremiumSofa,₹190,24,8
Gujarat,Navsari,MuktaA2CinemasGiriraj,Gujarati,16:15,Premium,₹150,72,4
Gujarat,Gandhinagar,ClassicCinemaKudasanGandhinagar,Gujarati,16:20,RoyalClassicSofa,₹220,39,3
Gujarat,Anand,ShaanCinema9ScreenMultiplexAnand,Gujarati,16:30,Recliner,₹350,13,0
Gujarat,Anand,ShaanCinema9ScreenMultiplexAnand,Gujarati,16:30,Sofa,₹250,28,0
Gujarat,Anand,ShaanCinema9ScreenMultiplexAnand,Gujarati,16:30,Platinum,₹140,66,0
Gujarat,Anand,ShaanCinema9ScreenMultiplexAnand,Gujarati,16:30,Gold,₹100,45,0
Gujarat,Vadodara,PvrDeepVadodara,Gujarati,16:30,Classic,₹140,76,0
Gujarat,Vadodara,PvrDeepVadodara,Gujarati,16:30,Prime,₹140,80,2
Gujarat,Vadodara,PvrDeepVadodara,Gujarati,16:30,PrimePlus,₹140,116,9
Gujarat,Rajkot,CosmoplexMultiplexRajkot,Gujarati,16:30,Crew,₹160,118,8
Gujarat,Bhavnagar,MaxusCinemasBhavnagar,Gujarati,16:30,Recliner,₹299,16,0
Gujarat,Bhavnagar,MaxusCinemasBhavnagar,Gujarati,16:30,Sofa,₹299,86,2
Gujarat,Ahmedabad,NyCinemasAhmedabad,Gujarati,16:35,Recliner,₹300,15,2
Gujarat,Ahmedabad,NyCinemasAhmedabad,Gujarati,16:35,Comforts,₹220,26,6
Gujarat,Ahmedabad,NyCinemasAhmedabad,Gujarati,16:35,Prime,₹180,126,0
Gujarat,Ahmedabad,NyCinemasAhmedabad,Gujarati,16:35,Classic,₹150,34,0
Gujarat,Vadodara,CinemarcViharPratapnagar,Gujarati,16:35,Sofa,₹120,19,0
Gujarat,Vadodara,CinemarcViharPratapnagar,Gujarati,16:35,Executive,₹100,108,13
Gujarat,Vadodara,CinemarcViharPratapnagar,Gujarati,16:35,Silver,₹100,108,0
Gujarat,Vadodara,CinemarcViharPratapnagar,Gujarati,16:35,Premier,₹100,30,0
Gujarat,Surat,RajhansMultiplexAdajanSurat,Gujarati,16:45,Business,₹220,94,10
Gujarat,Ahmedabad,MuktaA2CinemasTheRetailParkTrpBopal,Gujarati,16:45,PremiumRecliners,₹210,103,16
Gujarat,Jamnagar,PvrUtsavJcrEntertainmentWorldJamnagar,Gujarati,16:55,Recliner,₹270,21,4
Gujarat,Jamnagar,PvrUtsavJcrEntertainmentWorldJamnagar,Gujarati,16:55,PrimePlus,₹170,32,16
Gujarat,Jamnagar,PvrUtsavJcrEntertainmentWorldJamnagar,Gujarati,16:55,Prime,₹150,80,9
Gujarat,Jamnagar,PvrUtsavJcrEntertainmentWorldJamnagar,Gujarati,16:55,Classic,₹140,32,0
Gujarat,Mehsana,SaneliteCinemasDMartCircleMehsana,Gujarati,17:00,CoupleLounger2Admit,₹500,12,0
Gujarat,Mehsana,SaneliteCinemasDMartCircleMehsana,Gujarati,17:00,ReclienerSofa,₹250,8,0
Gujarat,Ahmedabad,TheCinestarMiniplexBhatCircleSpRingRoad,Gujarati,17:00,CoupleSofa,₹250,18,12
Gujarat,Ahmedabad,TheCinestarMiniplexBhatCircleSpRingRoad,Gujarati,17:00,Sofa,₹200,50,3
Gujarat,Ahmedabad,TheCinestarMiniplexBhatCircleSpRingRoad,Gujarati,17:00,Lounger,₹200,10,0
Gujarat,Ahmedabad,SbMultiplexAgoraMall,Gujarati,17:00,Elite,₹290,96,37
Gujarat,Ahmedabad,SbMultiplexAgoraMall,Gujarati,17:00,Classic,₹130,28,0
Gujarat,Vadodara,InoxSevenSeasMallFatehgunj,Gujarati,17:05,Silver,₹160,108,13
Gujarat,Vadodara,InoxSevenSeasMallFatehgunj,Gujarati,17:05,Executive,₹150,36,2
Gujarat,Vadodara,InoxSevenSeasMallFatehgunj,Gujarati,17:05,Premiere,₹150,126,4
Gujarat,Surat,AppleCinemaJahangirpuraSurat,Gujarati,17:10,MassagerBed,₹800,17,0
Maharashtra,Mumbai,MaxusCinemasBhayander,Gujarati,17:30,Sofa,₹229,35,0
Maharashtra,Mumbai,MaxusCinemasBhayander,Gujarati,17:30,PremiumPlus,₹179,60,0
Gujarat,Surat,CineverseCinemaKatargamSurat,Gujarati,17:30,Sofa,₹180,81,6
Gujarat,Surat,CineverseCinemaKatargamSurat,Gujarati,17:30,Lounger,₹180,9,0
Gujarat,Anand,ShaanCinema9ScreenMultiplexAnand,Gujarati,17:45,Recliner,₹350,13,0
Gujarat,Anand,ShaanCinema9ScreenMultiplexAnand,Gujarati,17:45,Sofa,₹250,28,0
Gujarat,Anand,ShaanCinema9ScreenMultiplexAnand,Gujarati,17:45,Platinum,₹140,66,0
Gujarat,Anand,ShaanCinema9ScreenMultiplexAnand,Gujarati,17:45,Gold,₹100,45,0
Gujarat,Bhuj,NyCinemasSevenSkyBhuj,Gujarati,17:45,Premium,₹250,68,4
Gujarat,Bhuj,NyCinemasSevenSkyBhuj,Gujarati,17:45,Executive,₹200,54,2
Gujarat,Bhuj,NyCinemasSevenSkyBhuj,Gujarati,17:45,Normal,₹180,36,0
Gujarat,Bhuj,NyCinemasSevenSkyBhuj,Gujarati,17:45,Ebony,₹300,12,7
Gujarat,Surat,RajhansCinemasRajmahalAcMallSitanagarSurat,Gujarati,17:45,Platinum,₹160,52,4
Gujarat,Surat,RajhansCinemasRajmahalAcMallSitanagarSurat,Gujarati,17:45,Executive,₹150,144,25
Gujarat,Surat,RajhansCinemasRajmahalAcMallSitanagarSurat,Gujarati,17:45,Royal,₹140,72,0
Gujarat,Surat,RajhansCinemasRajmahalAcMallSitanagarSurat,Gujarati,17:45,Marvel,₹130,48,0
Gujarat,Deesa,RMandirMultiplexDeesaGujarat,Gujarati,18:00,FirstClass,₹150,136,0
Gujarat,Deesa,RMandirMultiplexDeesaGujarat,Gujarati,18:00,SecondClass,₹150,60,0
Gujarat,Vadodara,InoxRelianceMegaMallVadodara,Gujarati,18:00,RoyalRecliners,₹270,12,6
Gujarat,Vadodara,InoxRelianceMegaMallVadodara,Gujarati,18:00,Gold,₹160,104,0
Gujarat,Vadodara,InoxRelianceMegaMallVadodara,Gujarati,18:00,Platinum,₹160,33,6
Gujarat,Vadodara,InoxRelianceMegaMallVadodara,Gujarati,18:00,Silver,₹130,20,0
Gujarat,Vyara,RajMultiplexIrisPlazaPanwadiVyara,Gujarati,18:00,Gold,₹150,134,21
Gujarat,Vyara,RajMultiplexIrisPlazaPanwadiVyara,Gujarati,18:00,Silver,₹130,22,0
Gujarat,Surat,AppleCinemaJahangirpuraSurat,Gujarati,18:00,MassagerBed,₹800,17,0
Gujarat,Vijapur,SuvidhiCineplexVijapur,Gujarati,18:15,Recliner,₹300,8,0
Gujarat,Vijapur,SuvidhiCineplexVijapur,Gujarati,18:15,Platinum,₹200,45,0
Gujarat,Vijapur,SuvidhiCineplexVijapur,Gujarati,18:15,Gold,₹150,65,0
Gujarat,Vijapur,SuvidhiCineplexVijapur,Gujarati,18:15,Silver,₹100,26,0
Gujarat,Veraval,FunCinemasPhoenixCinemaVeraval,Gujarati,18:15,Executive,₹150,15,2
Gujarat,Veraval,FunCinemasPhoenixCinemaVeraval,Gujarati,18:15,Gold,₹150,88,3
Gujarat,Veraval,FunCinemasPhoenixCinemaVeraval,Gujarati,18:15,Silver,₹150,22,0
Gujarat,Navsari,RajhansCinemasNavsari,Gujarati,18:15,Platinum,₹190,59,9
Gujarat,Navsari,RajhansCinemasNavsari,Gujarati,18:15,Executive,₹170,96,24
Gujarat,Navsari,RajhansCinemasNavsari,Gujarati,18:15,Royal,₹150,96,0
Gujarat,Navsari,RajhansCinemasNavsari,Gujarati,18:15,Marvel,₹130,32,0
Gujarat,Surat,RajhansCinemasMtcMallVelanjaSurat,Gujarati,18:15,Platinum,₹140,25,6
Gujarat,Surat,RajhansCinemasMtcMallVelanjaSurat,Gujarati,18:15,Executive,₹130,108,19
Gujarat,Surat,RajhansCinemasMtcMallVelanjaSurat,Gujarati,18:15,Royal,₹110,48,0
Gujarat,Surat,RajhansCinemasMtcMallVelanjaSurat,Gujarati,18:15,Marvel,₹100,32,4
Gujarat,Vadodara,CinemeraMultiplexVadodara,Gujarati,18:15,Recliners,₹130,18,0
Gujarat,Vadodara,CinemeraMultiplexVadodara,Gujarati,18:15,Executive,₹100,19,0
Gujarat,Vadodara,CinemeraMultiplexVadodara,Gujarati,18:15,Gold,₹100,83,0
Gujarat,Vadodara,CinemeraMultiplexVadodara,Gujarati,18:15,Platinum,₹100,154,0
Gujarat,Vadodara,CinemeraMultiplexVadodara,Gujarati,18:15,Silver,₹100,22,0
Gujarat,Vadodara,PvrEvaMallVadodara,Gujarati,18:20,Classic,₹170,47,0
Gujarat,Vadodara,PvrEvaMallVadodara,Gujarati,18:20,Prime,₹170,64,0
Gujarat,Vadodara,PvrEvaMallVadodara,Gujarati,18:20,PrimePlus,₹170,65,12
Gujarat,Rajkot,InoxRelianceMegaMallRajkot,Gujarati,18:20,RoyalRecliners,₹270,10,5
Gujarat,Rajkot,InoxRelianceMegaMallRajkot,Gujarati,18:20,Club,₹170,55,19
Gujarat,Rajkot,InoxRelianceMegaMallRajkot,Gujarati,18:20,Executive,₹170,22,1
Gujarat,Rajkot,InoxRelianceMegaMallRajkot,Gujarati,18:20,Royal,₹170,33,26
Maharashtra,Pen,MoreshwarChitramandirPen,Hindi,18:30,Platinum,₹170,96,0
Maharashtra,Pen,MoreshwarChitramandirPen,Hindi,18:30,Gold,₹170,42,0
Gujarat,Mehsana,SaneliteCinemasDMartCircleMehsana,Gujarati,18:30,UpperSliderSofa,₹220,37,0
Gujarat,Mehsana,SaneliteCinemasDMartCircleMehsana,Gujarati,18:30,MiddleSliderSofa,₹180,35,0
Gujarat,Mehsana,SaneliteCinemasDMartCircleMehsana,Gujarati,18:30,Lounger,₹150,8,0
Gujarat,Bhavnagar,MaxusCinemasBhavnagar,Gujarati,18:30,Sofa,₹199,35,0
Gujarat,Bhavnagar,MaxusCinemasBhavnagar,Gujarati,18:30,PremierPlus,₹149,258,0
Gujarat,Bhavnagar,MaxusCinemasBhavnagar,Gujarati,18:30,Premium,₹149,42,0
Gujarat,Kadi,CityGoldKadi,Gujarati,18:30,Box,₹110,10,0
Gujarat,Kadi,CityGoldKadi,Gujarati,18:30,Gold,₹100,140,0
Gujarat,Kadi,CityGoldKadi,Gujarati,18:30,Silver,₹100,34,0
Gujarat,Ahmedabad,RevolutionMultiplexCtmAhmedabad,Gujarati,18:30,RoyalSofa,₹230,20,0
Gujarat,Ahmedabad,RevolutionMultiplexCtmAhmedabad,Gujarati,18:30,PlatinumClass,₹170,40,0
Gujarat,Ahmedabad,RevolutionMultiplexCtmAhmedabad,Gujarati,18:30,GoldenClass,₹150,40,0
Gujarat,Ahmedabad,RevolutionMultiplexCtmAhmedabad,Gujarati,18:30,SilverClass,₹130,25,0
Gujarat,Himmatnagar,NewStarCityMultiplexHimmatnagar,Gujarati,18:30,Platinum,₹200,26,26
Gujarat,Himmatnagar,NewStarCityMultiplexHimmatnagar,Gujarati,18:30,Gold,₹150,182,42
Gujarat,Himmatnagar,NewStarCityMultiplexHimmatnagar,Gujarati,18:30,Silver,₹100,60,20
Gujarat,Petlad,FlamingoCinemasPetlad,Gujarati,18:30,Recliner,₹350,10,0
Gujarat,Petlad,FlamingoCinemasPetlad,Gujarati,18:30,Executive,₹130,84,0
Gujarat,Petlad,FlamingoCinemasPetlad,Gujarati,18:30,Royal,₹99,28,0
Gujarat,Bhavnagar,MaxusCinemasBhavnagar,Gujarati,18:30,Sofa,₹199,35,0
Gujarat,Bhavnagar,MaxusCinemasBhavnagar,Gujarati,18:30,PremierPlus,₹149,258,0
Gujarat,Bhavnagar,MaxusCinemasBhavnagar,Gujarati,18:30,Premium,₹149,42,0
Gujarat,Mehsana,WideAngleMehsana,Gujarati,18:30,Platinum,₹200,206,8
Gujarat,Mehsana,WideAngleMehsana,Gujarati,18:30,Club,₹250,16,0
Gujarat,Vapi,RajhansCinemasRSquareMallVapi,Gujarati,18:30,Recliner,₹440,15,0
Gujarat,Vapi,RajhansCinemasRSquareMallVapi,Gujarati,18:30,Executive,₹240,117,24
Gujarat,Vapi,RajhansCinemasRSquareMallVapi,Gujarati,18:30,Royal,₹220,30,0
Gujarat,Vapi,RajhansCinemasRSquareMallVapi,Gujarati,18:30,Lounger,₹240,12,0
Gujarat,Ahmedabad,CityGoldBopal,Gujarati,18:30,Executive,₹150,115,39
Gujarat,Ahmedabad,WideAngleAhmedabad,Gujarati,18:30,Silver,₹200,76,0
Gujarat,Ahmedabad,WideAngleAhmedabad,Gujarati,18:30,Gold,₹200,104,19
Gujarat,Petlad,FlamingoCinemasPetlad,Gujarati,18:30,Recliner,₹350,10,0
Gujarat,Petlad,FlamingoCinemasPetlad,Gujarati,18:30,Executive,₹130,84,10
Gujarat,Petlad,FlamingoCinemasPetlad,Gujarati,18:30,Royal,₹99,28,0
Gujarat,Ahmedabad,PvrArvedTranscubeAhmedabad,Gujarati,18:30,Prime,₹180,100,12
Gujarat,Ahmedabad,PvrArvedTranscubeAhmedabad,Gujarati,18:30,Classic,₹170,33,0
Gujarat,Gandhinagar,BoskyCineplexGandhinagar,Gujarati,18:35,UpperSliderSofa,₹200,26,0
Gujarat,Gandhinagar,BoskyCineplexGandhinagar,Gujarati,18:35,MiddleSliderSofa,₹170,22,0
Gujarat,Gandhinagar,BoskyCineplexGandhinagar,Gujarati,18:35,Lounger,₹170,8,0
Gujarat,Ahmedabad,RevolutionMultiplexCtmAhmedabad,Gujarati,18:35,RoyalSofa,₹200,17,0
Gujarat,Ahmedabad,RevolutionMultiplexCtmAhmedabad,Gujarati,18:35,PlatinumClass,₹150,10,2
Gujarat,Ahmedabad,RevolutionMultiplexCtmAhmedabad,Gujarati,18:35,GoldenClass,₹150,30,0
Gujarat,Ahmedabad,RevolutionMultiplexCtmAhmedabad,Gujarati,18:35,SilverClass,₹130,18,0
Gujarat,Anand,ShaanCinema9ScreenMultiplexAnand,Gujarati,18:45,VvipRecliner,₹350,25,0
Gujarat,Anand,ShaanCinema9ScreenMultiplexAnand,Gujarati,18:45,PrimeSofa,₹150,75,0
Gujarat,Anand,ShaanCinema9ScreenMultiplexAnand,Gujarati,18:45,Lounger,₹150,12,0
Gujarat,Anand,RAndSCinemasAnand,Gujarati,18:45,RedLounge,₹340,26,0
Gujarat,Anand,RAndSCinemasAnand,Gujarati,18:45,Platinum,₹120,133,0
Gujarat,Anand,RAndSCinemasAnand,Gujarati,18:45,Gold,₹120,48,0
Gujarat,Patan,SaneliteCinemasPatan,Gujarati,18:45,FamilyLounger2Admit,₹500,15,0
Gujarat,Patan,SaneliteCinemasPatan,Gujarati,18:45,FamilySofa1Admit,₹250,12,0
Gujarat,Gandhinagar,InoxGandhinagarAdalaj,Gujarati,18:45,Platinum,₹180,42,15
Gujarat,Gandhinagar,InoxGandhinagarAdalaj,Gujarati,18:45,Gold,₹130,188,26
Gujarat,Gandhinagar,InoxGandhinagarAdalaj,Gujarati,18:45,Silver,₹110,188,0
Gujarat,Ahmedabad,RajhansCinemasVastral,Gujarati,18:45,Recliner,₹380,17,6
Gujarat,Ahmedabad,RajhansCinemasVastral,Gujarati,18:45,Executive,₹180,104,6
Gujarat,Ahmedabad,RajhansCinemasVastral,Gujarati,18:45,Royal,₹170,40,0
Gujarat,Ahmedabad,RajhansCinemasVastral,Gujarati,18:45,Marvel,₹150,32,0
Gujarat,Ahmedabad,MirajCinemasVardhmanSquareSanandAhmedabad,Gujarati,18:45,Sofa,₹140,105,6
Gujarat,Ahmedabad,MirajCinemasVardhmanSquareSanandAhmedabad,Gujarati,18:45,Recliner,₹250,19,0
Gujarat,Morbi,SkyMultiplexMorbi,Gujarati,18:50,Executive,₹300,99,0
Gujarat,Morbi,SkyMultiplexMorbi,Gujarati,18:50,Gold,₹200,88,0
Chhattisgarh,Raigarh,GrandCinemasRaigarh,Hindi,19:00,Box,₹290,8,0
Chhattisgarh,Raigarh,GrandCinemasRaigarh,Hindi,19:00,Platinum,₹200,78,0
Chhattisgarh,Raigarh,GrandCinemasRaigarh,Hindi,19:00,Gold,₹180,60,0
Chhattisgarh,Raigarh,GrandCinemasRaigarh,Hindi,19:00,Silver,₹130,59,0
Gujarat,Anand,InfinityCinemasAnand,Gujarati,19:00,Recliner,₹250,19,0
Gujarat,Anand,InfinityCinemasAnand,Gujarati,19:00,Platinum,₹150,50,0
Gujarat,Anand,InfinityCinemasAnand,Gujarati,19:00,Gold,₹150,60,0
Gujarat,Surendranagar,ShivMiniplexSurendranagar,Gujarati,19:00,Platinum,₹300,10,0
Gujarat,Surendranagar,ShivMiniplexSurendranagar,Gujarati,19:00,Gold,₹200,22,0
Gujarat,Surendranagar,ShivMiniplexSurendranagar,Gujarati,19:00,Silver,₹100,96,0
Gujarat,Surat,AppleCinemaJahangirpuraSurat,Gujarati,19:00,Platinum,₹150,94,0
Gujarat,Ahmedabad,PvrSatyamevEmporioOdhavAhmedabad,Gujarati,19:00,Prime,₹200,77,8
Gujarat,Ahmedabad,PvrSatyamevEmporioOdhavAhmedabad,Gujarati,19:00,Classic,₹160,26,0
Gujarat,Ankleshwar,RajhansCinemasApplePlazaAnkleshwar,Gujarati,19:00,Recliner,₹350,19,0
Gujarat,Ankleshwar,RajhansCinemasApplePlazaAnkleshwar,Gujarati,19:00,Executive,₹210,175,25
Gujarat,Ankleshwar,RajhansCinemasApplePlazaAnkleshwar,Gujarati,19:00,Royal,₹190,63,0
Gujarat,Ankleshwar,RajhansCinemasApplePlazaAnkleshwar,Gujarati,19:00,Marvel,₹170,38,0
Gujarat,Bharuch,RajhansCinemasGoldenSquareBharuch,Gujarati,19:00,Recliner,₹350,21,0
Gujarat,Bharuch,RajhansCinemasGoldenSquareBharuch,Gujarati,19:00,Executive,₹210,126,21
Gujarat,Bharuch,RajhansCinemasGoldenSquareBharuch,Gujarati,19:00,Royal,₹190,34,0
Gujarat,Bharuch,RajhansCinemasGoldenSquareBharuch,Gujarati,19:00,Marvel,₹170,34,0
Gujarat,Ahmedabad,DeviMultiplexNaroda,Gujarati,19:00,Platinum,₹130,40,26
Gujarat,Ahmedabad,DeviMultiplexNaroda,Gujarati,19:00,Gold,₹130,112,2
Gujarat,Ahmedabad,RajhansCinemasSatadhar,Gujarati,19:00,Executive,₹200,71,8
Gujarat,Ahmedabad,RajhansCinemasSatadhar,Gujarati,19:00,Marvel,₹180,26,0
Gujarat,Ahmedabad,RajhansCinemasSatadhar,Gujarati,19:00,Box,₹200,5,5
Gujarat,Surat,RajhansCinemasRajhansFlamingoKatargamSurat,Gujarati,19:00,Recliner,₹450,18,0
Gujarat,Surat,RajhansCinemasRajhansFlamingoKatargamSurat,Gujarati,19:00,Executive,₹250,137,8
Gujarat,Surat,RajhansCinemasRajhansFlamingoKatargamSurat,Gujarati,19:00,Royal,₹230,51,0
Gujarat,Surat,RajhansCinemasRajhansFlamingoKatargamSurat,Gujarati,19:00,Marvel,₹210,34,0
Gujarat,Rajkot,CosmoplexMultiplexRajkot,Gujarati,19:00,Crew,₹170,244,10
Gujarat,Rajkot,CosmoplexMultiplexRajkot,Gujarati,19:00,Captain,₹200,174,4
Gujarat,Rajkot,CosmoplexMultiplexRajkot,Gujarati,19:00,Club,₹300,28,8
Gujarat,Bhavnagar,Top3MultiplexBhavnagar,Gujarati,19:00,Gold,₹100,70,0
Gujarat,Bhavnagar,Top3MultiplexBhavnagar,Gujarati,19:00,Silver,₹100,54,0
Gujarat,Ahmedabad,MuktaA2CinemasRajyashSouthVasnaAhmedabad,Gujarati,19:00,PremiumSofa,₹200,17,6
Gujarat,Ahmedabad,MuktaA2CinemasRajyashSouthVasnaAhmedabad,Gujarati,19:00,Gold,₹180,87,0
Gujarat,Ahmedabad,MuktaA2CinemasRajyashSouthVasnaAhmedabad,Gujarati,19:00,Silver,₹160,36,0
Gujarat,Vadodara,CinemarcAkotaVadodara,Gujarati,19:05,Silver,₹100,72,6
Gujarat,Vadodara,CinemarcAkotaVadodara,Gujarati,19:05,Premier,₹100,15,0
Gujarat,Vadodara,CinemarcAkotaVadodara,Gujarati,19:05,Sofa,₹120,38,0
Gujarat,Vadodara,CinemarcNewVipRoad,Gujarati,19:05,Gold,₹110,20,4
Gujarat,Vadodara,CinemarcNewVipRoad,Gujarati,19:05,Silver,₹110,87,0
Gujarat,Vadodara,CinemarcNewVipRoad,Gujarati,19:05,Premium,₹100,13,0
Gujarat,Vadodara,CinemarcNewVipRoad,Gujarati,19:05,Sofa,₹130,19,3
Gujarat,Dhrangadhra,ConnplexSmartTheatreDhrangadhraSirJadejaFmf,Gujarati,19:15,Lounger,₹300,13,0
Gujarat,Dhrangadhra,ConnplexSmartTheatreDhrangadhraSirJadejaFmf,Gujarati,19:15,Miller,₹200,70,0
Gujarat,Dhrangadhra,ConnplexSmartTheatreDhrangadhraSirJadejaFmf,Gujarati,19:15,Gold,₹200,72,0
Gujarat,Palanpur,ByteSuramandirCinemaPalanpur,Gujarati,19:15,Balcony,₹130,189,0
Gujarat,Surat,RajhansMultiplexMotaVarachhaARMallSurat,Gujarati,19:15,RoyalSofa,₹190,78,28
Gujarat,Surat,RajhansMultiplexMotaVarachhaARMallSurat,Gujarati,19:15,Executive,₹150,104,0
Maharashtra,Mumbai,MovietimeMaladWest,Gujarati,19:15,DressCircle,₹100,70,43
Gujarat,Gandhinagar,RWorldR21CinemaGandhinagar,Gujarati,19:15,Go,₹150,74,2
Gujarat,Gandhinagar,RWorldR21CinemaGandhinagar,Gujarati,19:15,Pl,₹150,10,8
Gujarat,Gandhinagar,RWorldR21CinemaGandhinagar,Gujarati,19:15,Si,₹130,17,0
Bihar,Bhagalpur,FmCineplexBhagalpur,Hindi,19:30,ReclinerSofa,₹700,8,0
Bihar,Bhagalpur,FmCineplexBhagalpur,Hindi,19:30,Platinum,₹200,162,0
Bihar,Bhagalpur,FmCineplexBhagalpur,Hindi,19:30,Gold,₹150,95,0
Gujarat,Anand,ShaanCinema9ScreenMultiplexAnand,Gujarati,19:30,Recliner,₹400,13,0
Gujarat,Anand,ShaanCinema9ScreenMultiplexAnand,Gujarati,19:30,Sofa,₹250,28,0
Gujarat,Anand,ShaanCinema9ScreenMultiplexAnand,Gujarati,19:30,Platinum,₹130,66,0
Gujarat,Anand,ShaanCinema9ScreenMultiplexAnand,Gujarati,19:30,Gold,₹100,45,0
Gujarat,Ahmedabad,MuktaA2CinemasChandkheda,Gujarati,19:30,PremiumRecliner,₹150,57,8
Gujarat,Gandhinagar,ClassicCinemaKudasanGandhinagar,Gujarati,19:30,RoyalClassicSofa,₹250,39,2
Gujarat,Gandhinagar,PvrSumanGandhinagar,Gujarati,19:30,Recliner,₹330,23,0
Gujarat,Gandhinagar,PvrSumanGandhinagar,Gujarati,19:30,Prime,₹200,98,2
Gujarat,Gandhinagar,PvrSumanGandhinagar,Gujarati,19:30,ClassicPlus,₹160,47,0
Gujarat,Gandhinagar,PvrSumanGandhinagar,Gujarati,19:30,Classic,₹140,42,0
Gujarat,Anand,ShaanCinema9ScreenMultiplexAnand,Gujarati,19:45,Recliner,₹350,13,0
Gujarat,Anand,ShaanCinema9ScreenMultiplexAnand,Gujarati,19:45,Sofa,₹250,28,0
Gujarat,Anand,ShaanCinema9ScreenMultiplexAnand,Gujarati,19:45,Platinum,₹140,66,0
Gujarat,Anand,ShaanCinema9ScreenMultiplexAnand,Gujarati,19:45,Gold,₹100,45,0
Maharashtra,Mumbai,MaxusCinemasBorivaliW,Gujarati,20:00,Couple,₹299,26,6
Maharashtra,Mumbai,MaxusCinemasBorivaliW,Gujarati,20:00,Recliner,₹299,42,9
Gujarat,Anand,ShaanCinema9ScreenMultiplexAnand,Gujarati,20:00,Premium,₹100,142,11
Gujarat,Anand,ShaanCinema9ScreenMultiplexAnand,Gujarati,20:00,Executive,₹100,32,0
Gujarat,Vijapur,SuvidhiCineplexVijapur,Gujarati,21:00,Recliner,₹300,9,0
Gujarat,Vijapur,SuvidhiCineplexVijapur,Gujarati,21:00,Platinum,₹200,45,0
Gujarat,Vijapur,SuvidhiCineplexVijapur,Gujarati,21:00,Gold,₹150,65,0
Gujarat,Vijapur,SuvidhiCineplexVijapur,Gujarati,21:00,Silver,₹100,26,0
Gujarat,Deesa,RMandirMultiplexDeesaGujarat,Gujarati,21:00,BoxA,₹300,15,0
Gujarat,Deesa,RMandirMultiplexDeesaGujarat,Gujarati,21:00,BoxB,₹300,15,0
Gujarat,Deesa,RMandirMultiplexDeesaGujarat,Gujarati,21:00,Balcony,₹200,118,0
Gujarat,Deesa,RMandirMultiplexDeesaGujarat,Gujarati,21:00,FirstClass,₹150,120,0
Gujarat,Deesa,RMandirMultiplexDeesaGujarat,Gujarati,21:00,SecondClass,₹150,240,0
Gujarat,Anand,ShaanCinema9ScreenMultiplexAnand,Gujarati,21:00,Recliner,₹350,13,0
Gujarat,Anand,ShaanCinema9ScreenMultiplexAnand,Gujarati,21:00,Sofa,₹250,28,0
Gujarat,Anand,ShaanCinema9ScreenMultiplexAnand,Gujarati,21:00,Platinum,₹140,66,0
Gujarat,Anand,ShaanCinema9ScreenMultiplexAnand,Gujarati,21:00,Gold,₹100,45,0
Gujarat,Jasdan,CityPrideMultiplexJasdan,Gujarati,21:00,Platinum,₹200,96,0
Gujarat,Jasdan,CityPrideMultiplexJasdan,Gujarati,21:00,Gold,₹160,132,0
Gujarat,Surat,RajImperialInoxVarachhaRoadSurat,Gujarati,21:00,Imperial,₹430,9,9
Gujarat,Surat,RajImperialInoxVarachhaRoadSurat,Gujarati,21:00,Platinum,₹230,26,6
Gujarat,Surat,RajImperialInoxVarachhaRoadSurat,Gujarati,21:00,Gold,₹190,30,7
Gujarat,Surat,RajImperialInoxVarachhaRoadSurat,Gujarati,21:00,Silver,₹170,10,0
Gujarat,Ahmedabad,CityGoldAshramRoad,Gujarati,21:00,Executive,₹170,221,70
Gujarat,Dahegam,FunCinemasRushilCinemaDahegam,Hindi,21:15,Silver,₹130,198,0
Gujarat,Kadi,CityGoldKadi,Gujarati,21:15,Box,₹110,16,0
Gujarat,Kadi,CityGoldKadi,Gujarati,21:15,Gold,₹100,140,0
Gujarat,Kadi,CityGoldKadi,Gujarati,21:15,Silver,₹100,34,0
Gujarat,Vapi,GunjanGeetCinemaVapi,Gujarati,21:15,Executive,₹220,41,0
Gujarat,Vapi,GunjanGeetCinemaVapi,Gujarati,21:15,Prime,₹200,111,0
Gujarat,Vadodara,InoxRaceCourseCircle,Gujarati,21:15,Platinum,₹180,50,17
Gujarat,Vadodara,InoxRaceCourseCircle,Gujarati,21:15,Gold,₹170,99,9
Gujarat,Vadodara,InoxRaceCourseCircle,Gujarati,21:15,Silver,₹170,65,0
Gujarat,Rajkot,InoxRajkotRWorld,Gujarati,21:15,Platinum,₹170,180,62
Gujarat,Surat,MadhuramMultiplexSurat,Gujarati,21:15,Platinum,₹150,18,0
Gujarat,Surat,MadhuramMultiplexSurat,Gujarati,21:15,Gold,₹130,36,2
Gujarat,Surat,MadhuramMultiplexSurat,Gujarati,21:15,Silver,₹130,27,0
Gujarat,Panchmahal,FunCinemasCinemaCityMultiplexKalol,Gujarati,21:25,City,₹130,125,2
Gujarat,Bhavnagar,MaxusCinemasBhavnagar,Gujarati,21:30,Sofa,₹229,35,0
Gujarat,Bhavnagar,MaxusCinemasBhavnagar,Gujarati,21:30,PremierPlus,₹179,258,0
Gujarat,Bhavnagar,MaxusCinemasBhavnagar,Gujarati,21:30,Premium,₹179,42,0
Gujarat,Petlad,FlamingoCinemasPetlad,Gujarati,21:30,Recliner,₹350,10,0
Gujarat,Petlad,FlamingoCinemasPetlad,Gujarati,21:30,Executive,₹130,84,0
Gujarat,Petlad,FlamingoCinemasPetlad,Gujarati,21:30,Royal,₹99,28,0
Gujarat,Ahmedabad,RevolutionMultiplexCtmAhmedabad,Gujarati,21:30,RoyalSofa,₹230,24,0
Gujarat,Ahmedabad,RevolutionMultiplexCtmAhmedabad,Gujarati,21:30,PlatinumClass,₹170,26,0
Gujarat,Ahmedabad,RevolutionMultiplexCtmAhmedabad,Gujarati,21:30,GoldenClass,₹150,30,0
Gujarat,Ahmedabad,RevolutionMultiplexCtmAhmedabad,Gujarati,21:30,SilverClass,₹130,18,0
Gujarat,Bhavnagar,MaxusCinemasBhavnagar,Gujarati,21:30,Sofa,₹229,35,0
Gujarat,Bhavnagar,MaxusCinemasBhavnagar,Gujarati,21:30,PremierPlus,₹179,258,0
Gujarat,Bhavnagar,MaxusCinemasBhavnagar,Gujarati,21:30,Premium,₹179,42,0
Gujarat,Surat,CherishCinemasKatargam,Gujarati,21:30,Gold,₹110,52,17
Gujarat,Surat,CherishCinemasKatargam,Gujarati,21:30,Silver,₹110,64,6
Gujarat,Surat,CherishCinemasKatargam,Gujarati,21:30,Platinum,₹110,32,0
Gujarat,Surat,CherishCinemasKatargam,Gujarati,21:30,Premium,₹110,32,1
Gujarat,Petlad,FlamingoCinemasPetlad,Gujarati,21:30,Recliner,₹350,10,4
Gujarat,Petlad,FlamingoCinemasPetlad,Gujarati,21:30,Executive,₹130,84,12
Gujarat,Petlad,FlamingoCinemasPetlad,Gujarati,21:30,Royal,₹99,28,0
Gujarat,Vapi,RajhansCinemasRSquareMallVapi,Gujarati,21:40,Recliner,₹440,15,0
Gujarat,Vapi,RajhansCinemasRSquareMallVapi,Gujarati,21:40,Executive,₹240,117,40
Gujarat,Vapi,RajhansCinemasRSquareMallVapi,Gujarati,21:40,Royal,₹220,30,0
Gujarat,Vapi,RajhansCinemasRSquareMallVapi,Gujarati,21:40,Lounger,₹240,12,0
Gujarat,Dhrangadhra,ConnplexSmartTheatreDhrangadhraSirJadejaFmf,Gujarati,21:45,Lounger,₹300,28,0
Gujarat,Dhrangadhra,ConnplexSmartTheatreDhrangadhraSirJadejaFmf,Gujarati,21:45,Miller,₹200,90,0
Gujarat,Dhrangadhra,ConnplexSmartTheatreDhrangadhraSirJadejaFmf,Gujarati,21:45,Gold,₹200,76,0
Gujarat,Anand,RAndSCinemasAnand,Gujarati,21:45,RedLounge,₹340,26,0
Gujarat,Anand,RAndSCinemasAnand,Gujarati,21:45,Platinum,₹120,133,0
Gujarat,Anand,RAndSCinemasAnand,Gujarati,21:45,Gold,₹120,48,0
Gujarat,Anand,ShaanCinema9ScreenMultiplexAnand,Gujarati,21:45,VipBed,₹350,67,0
Gujarat,Surendranagar,ShivMiniplexSurendranagar,Gujarati,21:45,Platinum,₹300,11,0
Gujarat,Surendranagar,ShivMiniplexSurendranagar,Gujarati,21:45,Gold,₹200,25,0
Gujarat,Surendranagar,ShivMiniplexSurendranagar,Gujarati,21:45,Silver,₹100,91,0
Gujarat,Bhavnagar,TheEntertainmentParkBhavnagar,Gujarati,21:45,Royal,₹300,22,14
Gujarat,Mehsana,WideAngleMehsana,Gujarati,21:45,Platinum,₹200,206,6
Gujarat,Mehsana,WideAngleMehsana,Gujarati,21:45,Club,₹250,16,6
Gujarat,Ahmedabad,MangoPlusCinemasNikol,Gujarati,21:45,Recliner,₹350,17,15
Gujarat,Ahmedabad,MangoPlusCinemasNikol,Gujarati,21:45,Sofa,₹200,150,90
Gujarat,Gandhidham,RajhansCinemasGandhidham,Gujarati,21:50,Recliner,₹350,28,9
Gujarat,Gandhidham,RajhansCinemasGandhidham,Gujarati,21:50,Executive,₹220,98,29
Gujarat,Gandhidham,RajhansCinemasGandhidham,Gujarati,21:50,Royal,₹200,51,0
Gujarat,Gandhidham,RajhansCinemasGandhidham,Gujarati,21:50,Marvel,₹180,17,0
Gujarat,Ahmedabad,RajhansCinemasVastral,Gujarati,21:55,Recliner,₹400,17,2
Gujarat,Ahmedabad,RajhansCinemasVastral,Gujarati,21:55,Executive,₹200,104,21
Gujarat,Ahmedabad,RajhansCinemasVastral,Gujarati,21:55,Royal,₹180,40,0
Gujarat,Ahmedabad,RajhansCinemasVastral,Gujarati,21:55,Marvel,₹160,32,0
Gujarat,Patan,SaneliteCinemasPatan,Gujarati,22:00,FamilyLounger2Admit,₹500,15,0
Gujarat,Patan,SaneliteCinemasPatan,Gujarati,22:00,FamilySofa1Admit,₹250,12,0
Gujarat,Anand,PvrMarutiSolarisAnand,Gujarati,22:00,Prime,₹150,85,0
Gujarat,Anand,PvrMarutiSolarisAnand,Gujarati,22:00,PrimePlus,₹150,38,2
Gujarat,Anand,PvrMarutiSolarisAnand,Gujarati,22:00,Classic,₹130,22,0
Gujarat,Anand,PvrMarutiSolarisAnand,Gujarati,22:00,ClassicPlus,₹130,22,2
Gujarat,Bharuch,RkCinemasBlueChipBharuch,Gujarati,22:00,Gold,₹140,10,4
Gujarat,Bharuch,RkCinemasBlueChipBharuch,Gujarati,22:00,Ex,₹89,66,0
Gujarat,Bharuch,RkCinemasBlueChipBharuch,Gujarati,22:00,Silver,₹89,180,22
Gujarat,Vadodara,CinepolisInorbitVadodaraMall,Gujarati,22:00,Normal,₹180,24,0
Gujarat,Vadodara,CinepolisInorbitVadodaraMall,Gujarati,22:00,Premium,₹180,38,18
Gujarat,Vadodara,CinepolisInorbitVadodaraMall,Gujarati,22:00,Executive,₹180,96,7
Gujarat,Gandhinagar,ClassicCinemaKudasanGandhinagar,Gujarati,22:00,CoupleSeat2Admit,₹600,29,0
Gujarat,Surat,CinezzaMultiplexSurat,Gujarati,22:00,RoyalSofa,₹240,47,0
Gujarat,Surat,CinezzaMultiplexSurat,Gujarati,22:00,Executive,₹200,330,0
Gujarat,Ahmedabad,WideAngleAhmedabad,Gujarati,22:00,Silver,₹250,76,0
Gujarat,Ahmedabad,WideAngleAhmedabad,Gujarati,22:00,Gold,₹250,104,45
Gujarat,Bhavnagar,Top3MultiplexBhavnagar,Gujarati,22:00,Gold,₹150,70,0
Gujarat,Bhavnagar,Top3MultiplexBhavnagar,Gujarati,22:00,Silver,₹150,54,0
Gujarat,Ahmedabad,CinepolisKankubagVastralAhmedabad,Gujarati,22:05,Normal,₹180,38,2
Gujarat,Ahmedabad,CinepolisKankubagVastralAhmedabad,Gujarati,22:05,Executive,₹180,104,3
Gujarat,Ahmedabad,CinepolisKankubagVastralAhmedabad,Gujarati,22:05,Premium,₹180,92,19
Gujarat,Ahmedabad,CinepolisKankubagVastralAhmedabad,Gujarati,22:05,Vip,₹360,14,10
Gujarat,Surat,AppleCinemaJahangirpuraSurat,Gujarati,22:10,Platinum,₹160,94,0
Gujarat,Rajkot,CinepolisVandanaRajkot,Gujarati,22:10,Normal,₹170,32,0
Gujarat,Rajkot,CinepolisVandanaRajkot,Gujarati,22:10,Premium,₹170,79,51
Gujarat,Rajkot,CinepolisVandanaRajkot,Gujarati,22:10,Executive,₹170,84,8
Gujarat,Surat,RajhansMultiplexMotaVarachhaARMallSurat,Gujarati,22:10,RoyalSofa,₹220,78,1
Gujarat,Surat,RajhansMultiplexMotaVarachhaARMallSurat,Gujarati,22:10,Executive,₹190,104,0
Gujarat,Vadodara,BansalMovieplexTarsaliVadodara,Gujarati,22:10,Recliner,₹250,11,4
Gujarat,Vadodara,BansalMovieplexTarsaliVadodara,Gujarati,22:10,Platinum,₹130,80,46
Gujarat,Vadodara,BansalMovieplexTarsaliVadodara,Gujarati,22:10,Gold,₹110,64,13
Gujarat,Vadodara,BansalMovieplexTarsaliVadodara,Gujarati,22:10,Silver,₹110,16,0
Gujarat,Anand,InfinityCinemasAnand,Gujarati,22:15,Recliner,₹250,19,0
Gujarat,Anand,InfinityCinemasAnand,Gujarati,22:15,Platinum,₹150,50,0
Gujarat,Anand,InfinityCinemasAnand,Gujarati,22:15,Gold,₹150,60,0
Gujarat,Vadodara,CinemarcAkotaVadodara,Gujarati,22:15,Silver,₹110,72,17
Gujarat,Vadodara,CinemarcAkotaVadodara,Gujarati,22:15,Premier,₹100,15,2
Gujarat,Vadodara,CinemarcAkotaVadodara,Gujarati,22:15,Sofa,₹120,38,21
Gujarat,Vadodara,MovietimeSSquareMallSubhanpuraVadodara,Gujarati,22:15,Recliner,₹200,8,4
Gujarat,Vadodara,MovietimeSSquareMallSubhanpuraVadodara,Gujarati,22:15,Premium,₹110,120,22
Gujarat,Vadodara,MovietimeSSquareMallSubhanpuraVadodara,Gujarati,22:15,Executive,₹110,48,0
Gujarat,Ahmedabad,MirajCityPulseAhmedabad,Gujarati,22:15,Gold,₹170,56,9
Gujarat,Surat,RajhansCinemasRajhansFlamingoKatargamSurat,Gujarati,22:20,Recliner,₹450,18,2
Gujarat,Surat,RajhansCinemasRajhansFlamingoKatargamSurat,Gujarati,22:20,Executive,₹250,137,20
Gujarat,Surat,RajhansCinemasRajhansFlamingoKatargamSurat,Gujarati,22:20,Royal,₹230,51,0
Gujarat,Surat,RajhansCinemasRajhansFlamingoKatargamSurat,Gujarati,22:20,Marvel,₹210,34,0
Gujarat,Surat,RajhansMultiplexMotaVarachhaARMallSurat,Gujarati,22:20,RoyalSofa,₹220,78,39
Gujarat,Surat,RajhansMultiplexMotaVarachhaARMallSurat,Gujarati,22:20,Executive,₹190,104,10
Gujarat,Rajkot,CosmoplexMultiplexRajkot,Gujarati,22:20,Crew,₹170,244,26
Gujarat,Rajkot,CosmoplexMultiplexRajkot,Gujarati,22:20,Captain,₹200,174,67
Gujarat,Rajkot,CosmoplexMultiplexRajkot,Gujarati,22:20,Club,₹300,28,23
Gujarat,Anand,ShaanCinema9ScreenMultiplexAnand,Gujarati,22:30,VvipRecliner,₹350,25,0
Gujarat,Anand,ShaanCinema9ScreenMultiplexAnand,Gujarati,22:30,PrimeSofa,₹150,75,0
Gujarat,Anand,ShaanCinema9ScreenMultiplexAnand,Gujarati,22:30,Lounger,₹150,12,0
Gujarat,Gandhinagar,PvrSumanGandhinagar,Gujarati,22:30,Recliner,₹330,23,0
Gujarat,Gandhinagar,PvrSumanGandhinagar,Gujarati,22:30,Prime,₹200,98,0
Gujarat,Gandhinagar,PvrSumanGandhinagar,Gujarati,22:30,ClassicPlus,₹160,47,0
Gujarat,Gandhinagar,PvrSumanGandhinagar,Gujarati,22:30,Classic,₹140,42,0
Gujarat,Surat,AppleCinemaJahangirpuraSurat,Gujarati,22:30,Platinum,₹160,101,7
Gujarat,Anand,AjayDevgnSNyCinemasGalleriaMallAnand,Gujarati,22:30,Recliner,₹300,36,2
Gujarat,Anand,AjayDevgnSNyCinemasGalleriaMallAnand,Gujarati,22:30,Prime,₹150,150,13
Gujarat,Anand,AjayDevgnSNyCinemasGalleriaMallAnand,Gujarati,22:30,Classic,₹150,45,0
Gujarat,Gandhinagar,RWorldR21CinemaGandhinagar,Gujarati,22:30,Go,₹150,88,16
Gujarat,Gandhinagar,RWorldR21CinemaGandhinagar,Gujarati,22:30,Pl,₹150,13,9
Gujarat,Gandhinagar,RWorldR21CinemaGandhinagar,Gujarati,22:30,Si,₹130,28,0
Gujarat,Morbi,NexusCinemaMorbi,Gujarati,22:30,Recliner,₹500,16,11
Gujarat,Morbi,NexusCinemaMorbi,Gujarati,22:30,Platinum,₹400,18,10
Gujarat,Morbi,NexusCinemaMorbi,Gujarati,22:30,Gold,₹300,120,7
Gujarat,Morbi,NexusCinemaMorbi,Gujarati,22:30,Silver,₹200,58,4
Gujarat,Surat,CinepolisImperialSquareMallSurat,Gujarati,22:35,Normal,₹200,29,11
Gujarat,Surat,CinepolisImperialSquareMallSurat,Gujarati,22:35,Executive,₹200,102,3
Gujarat,Surat,CinepolisImperialSquareMallSurat,Gujarati,22:35,Premium,₹220,42,4
Gujarat,Ahmedabad,CinepolisNexusAhmedabadOne,Gujarati,22:35,Normal,₹270,30,0
Gujarat,Ahmedabad,CinepolisNexusAhmedabadOne,Gujarati,22:35,Executive,₹290,64,9
Gujarat,Ahmedabad,CinepolisNexusAhmedabadOne,Gujarati,22:35,Premium,₹310,52,16
Gujarat,Gandhinagar,ClassicCinemaKudasanGandhinagar,Gujarati,22:40,RoyalClassicSofa,₹250,39,17
Gujarat,Ahmedabad,CityGoldMotera,Gujarati,22:45,Audi2,₹130,364,0
Gujarat,Surat,InoxDrWorldSurat,Gujarati,22:45,Club,₹180,55,3
Gujarat,Surat,InoxDrWorldSurat,Gujarati,22:45,Royal,₹180,28,6
Gujarat,Surat,InoxDrWorldSurat,Gujarati,22:45,Executive,₹160,11,0
Gujarat,Gandhinagar,InoxR16Gandhinagar,Gujarati,22:45,Platinum,₹220,8,8
Gujarat,Gandhinagar,InoxR16Gandhinagar,Gujarati,22:45,Gold,₹170,99,24
Gujarat,Gandhinagar,InoxR16Gandhinagar,Gujarati,22:45,Silver,₹130,16,0
Gujarat,Rajkot,MovieTimeCrystalMall,Gujarati,22:45,Gold,₹170,228,18
Gujarat,Rajkot,MovieTimeCrystalMall,Gujarati,22:45,Recliner,₹400,16,4
Gujarat,Ahmedabad,CityGoldSatelliteAhmedabad,Gujarati,22:45,Executive,₹200,124,32
Gujarat,Ahmedabad,MuktaA2CinemasGulmoharParkMallSatelliteRd,Gujarati,22:45,Gold,₹160,77,38
Gujarat,Ahmedabad,MuktaA2CinemasGulmoharParkMallSatelliteRd,Gujarati,22:45,Premium,₹160,25,21
Gujarat,Ahmedabad,PvrAcropolisAhmedabad,Gujarati,23:00,Recliner,₹510,9,4
Gujarat,Ahmedabad,PvrAcropolisAhmedabad,Gujarati,23:00,PrimePlus,₹300,66,27
Gujarat,Ahmedabad,PvrAcropolisAhmedabad,Gujarati,23:00,Prime,₹250,65,7
Gujarat,Ahmedabad,PvrAcropolisAhmedabad,Gujarati,23:00,Classic,₹220,39,0
Gujarat,Anand,ShaanCinema9ScreenMultiplexAnand,Gujarati,23:15,Recliner,₹350,13,0
Gujarat,Anand,ShaanCinema9ScreenMultiplexAnand,Gujarati,23:15,Sofa,₹250,28,0
Gujarat,Anand,ShaanCinema9ScreenMultiplexAnand,Gujarati,23:15,Platinum,₹140,66,0
Gujarat,Anand,ShaanCinema9ScreenMultiplexAnand,Gujarati,23:15,Gold,₹100,45,0
Gujarat,Ahmedabad,MuktaA2CinemasTheRetailParkTrpBopal,Gujarati,23:15,1For2Admits,₹400,18,16
Gujarat,Vadodara,PvrNilamberTriumphVadodara,Gujarati,23:30,Recliner,₹330,7,1
Gujarat,Vadodara,PvrNilamberTriumphVadodara,Gujarati,23:30,Classic,₹170,33,0
Gujarat,Vadodara,PvrNilamberTriumphVadodara,Gujarati,23:30,Prime,₹170,89,15
Gujarat,Ahmedabad,NyCinemasAhmedabad,Gujarati,23:45,Recliner,₹300,15,14
Gujarat,Ahmedabad,NyCinemasAhmedabad,Gujarati,23:45,Comforts,₹220,26,18
Gujarat,Ahmedabad,NyCinemasAhmedabad,Gujarati,23:45,Prime,₹180,126,9
Gujarat,Ahmedabad,NyCinemasAhmedabad,Gujarati,23:45,Classic,₹150,34,0